0,1,49.78,231.53,214.65,504.22,0.95,-1,-1,-1
0,2,1120.50,189.68,222.75,597.38,0.94,-1,-1,-1
0,3,314.21,220.39,228.83,551.81,0.93,-1,-1,-1
1,1,52.41,231.67,216.06,507.01,0.95,-1,-1,-1
1,2,1139.03,189.82,222.01,596.64,0.92,-1,-1,-1
1,3,326.01,219.66,228.66,552.54,0.93,-1,-1,-1
2,1,55.25,231.96,216.83,507.22,0.95,-1,-1,-1
2,2,1159.26,188.93,221.45,597.97,0.92,-1,-1,-1
2,3,340.46,217.95,227.45,553.72,0.91,-1,-1,-1
3,1,57.63,232.56,218.88,509.30,0.95,-1,-1,-1
3,2,1175.85,189.54,219.69,596.98,0.93,-1,-1,-1
3,3,358.99,216.66,225.93,555.36,0.92,-1,-1,-1
4,1,57.44,232.62,220.93,511.05,0.95,-1,-1,-1
4,2,1181.13,189.76,217.94,596.63,0.93,-1,-1,-1
4,3,365.70,216.29,223.57,555.86,0.92,-1,-1,-1
5,1,60.43,232.99,225.39,517.97,0.96,-1,-1,-1
5,2,1184.22,189.71,218.29,597.13,0.94,-1,-1,-1
5,3,378.89,215.85,223.93,556.82,0.92,-1,-1,-1
6,1,64.44,234.87,227.23,519.51,0.96,-1,-1,-1
6,2,1186.15,194.07,218.58,593.40,0.94,-1,-1,-1
6,3,387.86,217.04,224.78,554.88,0.93,-1,-1,-1
7,1,66.98,233.22,229.63,522.72,0.95,-1,-1,-1
7,2,1189.64,196.90,220.64,591.26,0.94,-1,-1,-1
7,3,400.00,219.24,228.12,552.86,0.94,-1,-1,-1
8,1,69.81,232.71,230.73,524.60,0.95,-1,-1,-1
8,2,1197.09,199.15,224.05,588.79,0.95,-1,-1,-1
8,3,412.36,220.28,233.23,550.50,0.94,-1,-1,-1
9,1,74.32,236.60,229.48,522.46,0.95,-1,-1,-1
9,2,1203.67,201.64,227.98,586.67,0.95,-1,-1,-1
9,3,422.95,221.92,239.85,548.85,0.94,-1,-1,-1
10,1,78.08,238.83,227.76,520.76,0.95,-1,-1,-1
10,2,1209.84,203.06,231.31,584.01,0.95,-1,-1,-1
10,3,431.78,223.99,245.57,545.41,0.93,-1,-1,-1
11,1,80.36,238.51,225.92,521.19,0.95,-1,-1,-1
11,2,1216.17,203.07,235.18,583.99,0.94,-1,-1,-1
11,3,439.04,224.62,250.72,543.37,0.94,-1,-1,-1
12,1,82.08,237.80,222.97,522.31,0.95,-1,-1,-1
12,2,1224.42,202.11,238.66,584.04,0.93,-1,-1,-1
12,3,444.25,225.51,255.69,542.88,0.94,-1,-1,-1
13,1,84.27,237.05,218.59,522.69,0.95,-1,-1,-1
13,2,1237.07,200.91,241.37,584.90,0.94,-1,-1,-1
13,3,448.48,227.05,259.47,541.96,0.94,-1,-1,-1
14,1,86.99,235.86,214.50,524.12,0.94,-1,-1,-1
14,2,1251.68,199.75,243.09,585.94,0.94,-1,-1,-1
14,3,452.83,226.14,262.57,542.22,0.94,-1,-1,-1
15,1,93.07,236.63,210.32,523.84,0.92,-1,-1,-1
15,2,1268.89,200.74,241.57,581.77,0.92,-1,-1,-1
15,3,460.24,226.44,263.03,541.23,0.94,-1,-1,-1
16,1,100.10,235.34,207.54,525.25,0.92,-1,-1,-1
16,2,1289.14,201.21,236.00,570.68,0.92,-1,-1,-1
16,3,470.10,223.95,261.70,541.23,0.94,-1,-1,-1
17,1,107.76,234.74,205.26,526.31,0.92,-1,-1,-1
17,2,1309.67,200.00,231.07,564.31,0.93,-1,-1,-1
17,3,480.45,220.20,260.60,545.86,0.94,-1,-1,-1
18,1,115.36,234.29,203.65,527.78,0.92,-1,-1,-1
18,2,1328.02,199.76,226.73,561.82,0.93,-1,-1,-1
18,3,495.03,219.90,255.73,546.50,0.93,-1,-1,-1
19,1,121.59,233.78,202.74,529.97,0.92,-1,-1,-1
19,2,1339.93,200.44,223.00,560.66,0.92,-1,-1,-1
19,3,511.60,219.35,248.43,546.75,0.92,-1,-1,-1
20,1,128.61,233.93,201.28,529.98,0.93,-1,-1,-1
20,2,1351.07,200.58,219.40,560.89,0.93,-1,-1,-1
20,3,530.67,217.93,242.26,548.52,0.89,-1,-1,-1
21,1,134.99,233.43,200.15,530.94,0.93,-1,-1,-1
21,2,1360.11,201.06,216.35,561.07,0.93,-1,-1,-1
21,3,554.59,217.74,236.90,548.41,0.91,-1,-1,-1
22,1,141.46,233.36,198.37,530.26,0.94,-1,-1,-1
22,2,1370.40,200.78,214.83,561.22,0.93,-1,-1,-1
22,3,556.83,218.57,228.44,548.36,0.87,-1,-1,-1
23,1,152.46,235.45,197.31,528.74,0.94,-1,-1,-1
23,2,1384.05,203.02,215.74,558.55,0.94,-1,-1,-1
23,3,572.00,220.24,222.68,547.45,0.85,-1,-1,-1
24,1,164.35,236.91,198.00,526.57,0.94,-1,-1,-1
24,2,1396.12,206.09,218.36,554.03,0.95,-1,-1,-1
24,3,587.75,220.43,219.30,547.10,0.92,-1,-1,-1
25,1,173.90,237.13,201.34,527.85,0.94,-1,-1,-1
25,2,1404.16,208.34,223.06,550.84,0.95,-1,-1,-1
25,3,600.21,223.19,216.87,544.29,0.93,-1,-1,-1
26,1,179.98,237.86,205.03,528.10,0.94,-1,-1,-1
26,2,1405.95,209.37,228.14,548.61,0.94,-1,-1,-1
26,3,611.52,224.67,217.06,543.23,0.93,-1,-1,-1
27,1,180.76,238.69,208.01,527.62,0.94,-1,-1,-1
27,2,1406.94,212.19,232.12,545.39,0.95,-1,-1,-1
27,3,618.48,227.56,217.36,540.06,0.94,-1,-1,-1
28,1,180.48,241.22,210.62,526.09,0.94,-1,-1,-1
28,2,1406.46,214.67,235.80,543.71,0.95,-1,-1,-1
28,3,621.90,230.20,218.35,537.76,0.93,-1,-1,-1
29,1,180.66,241.71,213.24,526.84,0.94,-1,-1,-1
29,2,1406.90,215.55,238.79,543.18,0.95,-1,-1,-1
29,3,625.67,232.39,220.10,536.14,0.94,-1,-1,-1
30,1,181.32,240.42,215.54,528.56,0.94,-1,-1,-1
30,2,1411.22,215.49,239.91,542.50,0.95,-1,-1,-1
30,3,626.04,233.18,220.97,534.23,0.94,-1,-1,-1
31,1,182.57,239.92,217.15,530.55,0.94,-1,-1,-1
31,2,1417.35,215.53,239.63,541.77,0.94,-1,-1,-1
31,3,629.68,234.67,221.88,532.76,0.93,-1,-1,-1
32,1,187.91,240.27,216.34,530.72,0.94,-1,-1,-1
32,2,1427.03,213.16,238.51,542.12,0.94,-1,-1,-1
32,3,633.06,235.63,222.24,532.26,0.93,-1,-1,-1
33,1,195.43,239.17,214.49,531.55,0.94,-1,-1,-1
33,2,1441.82,211.78,236.67,543.66,0.94,-1,-1,-1
33,3,637.14,235.51,221.54,532.11,0.93,-1,-1,-1
34,1,204.26,238.96,211.05,531.62,0.94,-1,-1,-1
34,2,1459.99,211.24,233.38,545.64,0.93,-1,-1,-1
34,3,646.73,235.75,216.90,526.39,0.92,-1,-1,-1
35,1,213.21,239.44,206.85,531.07,0.94,-1,-1,-1
35,2,1478.04,211.14,228.72,545.86,0.93,-1,-1,-1
35,3,659.36,236.15,209.98,518.11,0.90,-1,-1,-1
36,1,222.49,239.83,203.23,531.96,0.93,-1,-1,-1
36,2,1493.72,212.43,224.56,545.54,0.94,-1,-1,-1
36,3,691.98,234.34,211.39,518.79,0.87,-1,-1,-1
37,1,226.85,239.98,199.76,532.29,0.93,-1,-1,-1
37,2,1500.31,212.90,220.88,545.44,0.94,-1,-1,-1
37,3,703.48,233.65,212.54,519.12,0.87,-1,-1,-1
38,1,237.48,239.47,200.22,536.07,0.93,-1,-1,-1
38,2,1503.58,214.41,220.71,544.09,0.95,-1,-1,-1
38,3,720.75,233.26,209.55,518.53,0.90,-1,-1,-1
39,1,246.49,239.38,200.68,537.81,0.93,-1,-1,-1
39,2,1506.40,217.53,222.06,541.93,0.95,-1,-1,-1
39,3,722.22,235.00,204.20,519.15,0.89,-1,-1,-1
40,1,257.92,240.46,201.86,537.33,0.95,-1,-1,-1
40,2,1509.62,220.81,224.72,539.47,0.95,-1,-1,-1
40,3,729.95,235.53,200.46,520.00,0.91,-1,-1,-1
41,1,274.52,242.98,204.34,535.00,0.94,-1,-1,-1
41,2,1512.98,224.58,227.94,536.45,0.95,-1,-1,-1
41,3,739.68,236.94,197.17,516.91,0.92,-1,-1,-1
42,1,288.81,244.48,209.22,533.53,0.95,-1,-1,-1
42,2,1518.97,227.86,231.60,533.46,0.95,-1,-1,-1
42,3,752.68,238.58,197.12,513.32,0.93,-1,-1,-1
43,1,300.27,244.14,213.92,534.30,0.94,-1,-1,-1
43,2,1524.60,229.93,236.36,532.38,0.95,-1,-1,-1
43,3,762.76,239.84,200.32,511.81,0.94,-1,-1,-1
44,1,305.87,245.32,217.48,534.59,0.94,-1,-1,-1
44,2,1532.21,232.32,240.90,531.25,0.95,-1,-1,-1
44,3,769.19,243.08,204.44,509.39,0.94,-1,-1,-1
45,1,307.42,247.31,220.43,533.12,0.94,-1,-1,-1
45,2,1539.81,234.05,245.03,530.88,0.95,-1,-1,-1
45,3,770.68,246.51,208.85,506.76,0.94,-1,-1,-1
46,1,309.12,248.05,223.09,532.56,0.94,-1,-1,-1
46,2,1549.26,233.74,248.90,532.14,0.94,-1,-1,-1
46,3,770.01,248.87,213.11,504.26,0.94,-1,-1,-1
47,1,313.07,247.74,225.75,534.69,0.94,-1,-1,-1
47,2,1560.92,233.23,251.38,532.09,0.93,-1,-1,-1
47,3,768.52,250.61,217.40,503.40,0.94,-1,-1,-1
48,1,317.64,246.70,226.69,536.83,0.93,-1,-1,-1
48,2,1574.35,232.53,251.44,528.54,0.94,-1,-1,-1
48,3,767.85,251.87,221.32,503.37,0.94,-1,-1,-1
49,1,329.06,246.85,224.56,536.62,0.93,-1,-1,-1
49,2,1590.06,232.11,249.15,522.43,0.94,-1,-1,-1
49,3,768.06,250.95,224.90,504.76,0.94,-1,-1,-1
50,1,339.55,246.11,220.98,537.31,0.93,-1,-1,-1
50,2,1606.83,233.03,245.53,516.36,0.94,-1,-1,-1
50,3,770.82,252.11,225.75,502.88,0.94,-1,-1,-1
51,1,346.78,247.60,216.53,536.22,0.92,-1,-1,-1
51,2,1617.35,233.78,243.83,514.17,0.94,-1,-1,-1
51,3,775.54,252.84,225.40,501.44,0.94,-1,-1,-1
52,1,357.63,245.70,213.17,539.58,0.91,-1,-1,-1
52,2,1624.72,235.04,242.70,514.22,0.93,-1,-1,-1
52,3,784.35,253.29,222.39,498.04,0.94,-1,-1,-1
52,4,-127.83,215.60,226.73,667.31,0.82,-1,-1,-1
53,1,371.96,247.41,208.67,538.39,0.88,-1,-1,-1
53,2,1631.64,237.61,240.33,512.19,0.94,-1,-1,-1
53,3,794.42,253.64,219.83,498.38,0.93,-1,-1,-1
53,4,-112.91,213.18,228.06,670.75,0.82,-1,-1,-1
54,1,387.40,247.61,205.08,540.14,0.91,-1,-1,-1
54,2,1637.02,239.43,238.46,511.51,0.93,-1,-1,-1
54,3,811.78,253.29,218.09,499.91,0.92,-1,-1,-1
54,4,-93.24,213.42,226.70,666.69,0.84,-1,-1,-1
55,1,398.50,249.68,201.89,538.79,0.93,-1,-1,-1
55,2,1642.03,241.75,236.42,510.54,0.94,-1,-1,-1
55,3,831.41,253.46,216.65,501.08,0.91,-1,-1,-1
55,4,-77.25,215.08,226.52,665.30,0.87,-1,-1,-1
56,1,413.29,249.67,201.59,539.03,0.93,-1,-1,-1
56,2,1646.06,243.81,234.25,508.12,0.94,-1,-1,-1
56,3,848.24,253.38,216.31,502.12,0.91,-1,-1,-1
56,4,-61.86,216.88,228.68,665.13,0.89,-1,-1,-1
57,1,430.59,251.43,202.74,537.33,0.93,-1,-1,-1
57,2,1650.55,246.77,232.20,505.49,0.94,-1,-1,-1
57,3,856.72,254.32,216.61,501.98,0.84,-1,-1,-1
57,4,-41.16,218.32,232.12,663.32,0.91,-1,-1,-1
58,1,445.59,253.87,206.04,536.68,0.93,-1,-1,-1
58,2,1656.50,250.51,231.27,503.23,0.95,-1,-1,-1
58,3,866.75,256.66,218.39,500.39,0.87,-1,-1,-1
58,4,-22.70,220.67,236.79,660.84,0.90,-1,-1,-1
59,1,454.35,256.66,210.09,534.53,0.94,-1,-1,-1
59,2,1659.30,253.20,231.00,501.11,0.95,-1,-1,-1
59,3,854.05,259.42,216.44,499.25,0.89,-1,-1,-1
59,4,-12.52,223.11,242.51,659.30,0.90,-1,-1,-1
60,1,458.01,258.79,214.50,533.94,0.94,-1,-1,-1
60,2,1660.45,256.60,230.15,497.48,0.95,-1,-1,-1
60,3,856.25,261.76,214.45,497.51,0.90,-1,-1,-1
60,4,-8.44,227.28,247.04,655.00,0.90,-1,-1,-1
61,1,458.43,260.67,218.37,533.51,0.94,-1,-1,-1
61,2,1662.86,259.14,230.74,496.65,0.95,-1,-1,-1
61,3,861.07,264.28,213.25,495.65,0.91,-1,-1,-1
61,4,-8.93,228.98,252.46,653.71,0.91,-1,-1,-1
62,1,459.13,263.57,221.73,532.01,0.94,-1,-1,-1
62,2,1663.39,260.46,231.25,496.41,0.95,-1,-1,-1
62,3,868.92,267.30,211.86,493.31,0.93,-1,-1,-1
62,4,-10.95,229.99,258.05,653.30,0.91,-1,-1,-1
63,1,459.21,262.94,225.33,533.59,0.94,-1,-1,-1
63,2,1664.23,260.65,231.54,495.73,0.95,-1,-1,-1
63,3,877.50,269.61,211.23,493.02,0.94,-1,-1,-1
63,4,-11.91,228.83,264.93,658.30,0.91,-1,-1,-1
64,1,462.00,264.10,226.99,533.63,0.94,-1,-1,-1
64,2,1667.95,260.98,231.62,495.21,0.95,-1,-1,-1
64,3,886.01,272.77,209.78,491.05,0.93,-1,-1,-1
64,4,-11.58,227.11,270.52,662.80,0.92,-1,-1,-1
65,1,468.96,262.82,227.46,535.33,0.94,-1,-1,-1
65,2,1672.63,260.25,231.90,495.85,0.94,-1,-1,-1
65,3,892.93,275.46,208.46,488.34,0.93,-1,-1,-1
65,4,-7.42,227.98,270.83,656.67,0.93,-1,-1,-1
66,1,478.98,262.07,225.44,536.20,0.94,-1,-1,-1
66,2,1678.66,260.81,230.27,494.37,0.95,-1,-1,-1
66,3,898.26,279.75,207.35,484.45,0.93,-1,-1,-1
66,4,-3.87,229.51,271.17,652.22,0.93,-1,-1,-1
67,1,490.38,261.76,221.35,536.52,0.94,-1,-1,-1
67,2,1688.31,262.20,227.06,491.73,0.95,-1,-1,-1
67,3,903.17,280.17,207.77,484.17,0.93,-1,-1,-1
67,4,3.73,229.82,270.67,650.36,0.94,-1,-1,-1
68,1,501.36,263.40,215.46,535.31,0.93,-1,-1,-1
68,2,1698.99,262.44,223.92,492.36,0.95,-1,-1,-1
68,3,908.01,281.36,207.71,483.00,0.92,-1,-1,-1
68,4,9.71,229.79,269.91,651.18,0.94,-1,-1,-1
69,1,509.77,263.21,212.13,538.30,0.91,-1,-1,-1
69,2,1710.22,262.49,220.45,493.99,0.94,-1,-1,-1
69,3,916.11,281.74,206.29,481.27,0.92,-1,-1,-1
69,4,23.05,230.42,269.39,650.85,0.94,-1,-1,-1
70,1,514.04,263.67,208.11,538.42,0.91,-1,-1,-1
70,2,1715.30,262.24,217.01,494.87,0.95,-1,-1,-1
70,3,919.50,282.03,205.48,480.45,0.92,-1,-1,-1
70,4,27.89,230.62,269.05,650.77,0.94,-1,-1,-1
71,1,534.21,266.38,204.75,539.46,0.91,-1,-1,-1
71,2,1717.35,265.23,214.99,493.90,0.94,-1,-1,-1
71,3,954.40,280.84,206.39,474.27,0.92,-1,-1,-1
71,4,49.58,233.13,269.76,653.24,0.94,-1,-1,-1
72,1,550.30,266.60,202.03,541.51,0.92,-1,-1,-1
72,2,1718.76,267.32,214.31,492.55,0.93,-1,-1,-1
72,3,970.00,279.32,206.67,473.02,0.85,-1,-1,-1
72,4,69.27,232.71,270.65,654.19,0.95,-1,-1,-1
73,1,569.44,267.77,200.71,539.82,0.93,-1,-1,-1
73,2,1718.42,269.41,213.61,490.29,0.94,-1,-1,-1
73,3,967.34,280.39,201.51,471.38,0.85,-1,-1,-1
73,4,95.41,234.52,274.07,652.11,0.94,-1,-1,-1
74,1,587.60,268.29,203.11,539.94,0.94,-1,-1,-1
74,2,1718.76,271.26,213.85,489.69,0.94,-1,-1,-1
74,3,984.98,279.41,203.69,475.78,0.93,-1,-1,-1
74,4,120.60,236.52,279.92,651.34,0.94,-1,-1,-1
75,1,600.39,268.68,207.61,540.64,0.94,-1,-1,-1
75,2,1721.51,273.80,213.77,487.60,0.94,-1,-1,-1
75,3,995.46,280.35,203.29,474.35,0.92,-1,-1,-1
75,4,140.15,238.91,284.73,648.50,0.93,-1,-1,-1
76,1,606.18,269.13,212.78,541.89,0.94,-1,-1,-1
76,2,1725.89,277.06,213.91,485.40,0.93,-1,-1,-1
76,3,999.58,281.68,202.93,473.30,0.89,-1,-1,-1
76,4,151.90,242.01,289.10,646.56,0.93,-1,-1,-1
77,1,609.84,272.84,216.27,538.79,0.94,-1,-1,-1
77,2,1729.89,279.67,214.34,484.06,0.93,-1,-1,-1
77,3,1000.05,282.49,202.45,472.16,0.90,-1,-1,-1
77,4,159.10,243.57,293.07,645.86,0.93,-1,-1,-1
78,1,610.47,274.55,220.44,538.16,0.94,-1,-1,-1
78,2,1733.14,282.38,214.31,482.25,0.93,-1,-1,-1
78,3,1003.33,283.66,203.44,471.78,0.93,-1,-1,-1
78,4,163.40,242.55,297.22,647.20,0.94,-1,-1,-1
79,1,611.78,275.60,223.79,537.92,0.94,-1,-1,-1
79,2,1736.29,284.33,213.73,481.07,0.92,-1,-1,-1
79,3,1006.65,286.64,204.41,469.11,0.94,-1,-1,-1
79,4,168.88,243.22,298.70,646.17,0.93,-1,-1,-1
80,1,615.62,274.50,225.88,538.39,0.94,-1,-1,-1
80,2,1741.02,284.20,213.30,481.45,0.92,-1,-1,-1
80,3,1011.36,288.95,206.23,465.57,0.95,-1,-1,-1
80,4,175.85,241.87,299.52,647.82,0.94,-1,-1,-1
81,1,621.22,273.38,227.26,540.57,0.94,-1,-1,-1
81,2,1747.56,283.97,212.28,482.20,0.91,-1,-1,-1
81,3,1013.68,291.24,207.94,461.94,0.95,-1,-1,-1
81,4,186.25,240.77,298.41,649.91,0.95,-1,-1,-1
82,1,630.85,272.26,227.28,544.29,0.94,-1,-1,-1
82,2,1757.91,284.61,210.13,481.74,0.90,-1,-1,-1
82,3,1015.31,293.39,211.00,460.64,0.94,-1,-1,-1
82,4,196.60,241.11,294.92,649.94,0.95,-1,-1,-1
83,1,642.63,272.15,223.97,544.90,0.94,-1,-1,-1
83,2,1769.77,285.46,205.59,477.80,0.89,-1,-1,-1
83,3,1017.35,293.58,215.08,460.78,0.93,-1,-1,-1
83,4,203.90,239.98,291.49,651.62,0.94,-1,-1,-1
84,1,655.44,271.86,218.71,545.33,0.93,-1,-1,-1
84,2,1783.73,285.05,198.87,471.65,0.89,-1,-1,-1
84,3,1020.64,293.60,219.16,460.89,0.94,-1,-1,-1
84,4,213.61,239.09,287.46,652.26,0.94,-1,-1,-1
85,1,669.67,270.41,213.12,547.70,0.93,-1,-1,-1
85,2,1795.67,285.63,191.50,466.81,0.87,-1,-1,-1
85,3,1027.62,293.33,223.07,461.21,0.94,-1,-1,-1
85,4,229.76,238.08,284.23,653.17,0.93,-1,-1,-1
86,1,683.70,270.51,207.29,547.46,0.92,-1,-1,-1
86,2,1805.73,285.69,186.09,466.08,0.88,-1,-1,-1
86,3,1037.20,293.08,226.26,461.94,0.93,-1,-1,-1
86,4,245.92,239.02,281.25,651.73,0.92,-1,-1,-1
87,1,690.37,270.33,202.54,548.45,0.92,-1,-1,-1
87,2,1810.73,286.01,181.12,465.10,0.88,-1,-1,-1
87,3,1039.74,292.95,229.12,462.26,0.93,-1,-1,-1
87,4,251.95,239.60,278.97,651.39,0.92,-1,-1,-1
88,1,709.80,270.70,199.19,548.80,0.93,-1,-1,-1
88,2,1826.71,288.56,177.46,462.79,0.80,-1,-1,-1
88,3,1057.88,290.97,231.04,463.41,0.91,-1,-1,-1
88,4,274.66,242.82,276.54,647.81,0.94,-1,-1,-1
89,1,727.24,271.06,197.55,548.68,0.94,-1,-1,-1
89,2,1835.36,296.88,172.11,455.04,0.73,-1,-1,-1
89,3,1065.68,291.42,228.44,463.10,0.87,-1,-1,-1
89,4,299.41,244.69,278.62,648.03,0.94,-1,-1,-1
90,1,744.86,271.86,198.19,547.94,0.95,-1,-1,-1
90,2,1842.51,301.31,168.93,449.97,0.78,-1,-1,-1
90,3,1087.72,291.36,228.84,463.22,0.93,-1,-1,-1
90,4,324.08,247.50,281.22,645.11,0.94,-1,-1,-1
91,1,760.25,273.49,200.67,546.30,0.95,-1,-1,-1
91,2,1848.14,303.78,166.70,446.83,0.78,-1,-1,-1
91,3,1087.61,291.09,222.01,463.06,0.91,-1,-1,-1
91,4,344.10,250.65,284.30,640.56,0.93,-1,-1,-1
92,1,770.07,276.44,204.30,543.33,0.95,-1,-1,-1
92,2,1851.18,304.84,165.28,445.55,0.76,-1,-1,-1
92,3,1094.06,290.64,216.48,463.80,0.91,-1,-1,-1
92,4,358.51,252.47,287.99,639.54,0.93,-1,-1,-1
93,1,774.82,280.44,208.01,540.18,0.94,-1,-1,-1
93,2,1855.20,309.19,163.89,444.73,0.68,-1,-1,-1
93,3,1118.00,290.80,218.05,464.65,0.93,-1,-1,-1
93,4,367.41,252.66,291.04,639.65,0.93,-1,-1,-1
94,1,777.55,282.03,212.87,539.79,0.95,-1,-1,-1
94,2,1858.58,312.65,162.76,443.52,0.53,-1,-1,-1
94,3,1111.66,292.96,213.14,462.87,0.93,-1,-1,-1
94,4,373.28,253.57,293.13,638.83,0.93,-1,-1,-1
95,1,776.82,282.59,217.36,539.66,0.95,-1,-1,-1
95,2,1860.07,315.64,161.46,441.36,0.55,-1,-1,-1
95,3,1110.02,293.55,209.07,461.98,0.94,-1,-1,-1
95,4,374.28,253.88,295.17,638.56,0.93,-1,-1,-1
96,1,781.53,283.54,220.80,538.85,0.94,-1,-1,-1
96,2,1859.31,309.82,163.20,445.25,0.12,-1,-1,-1
96,3,1116.98,296.21,206.12,459.65,0.93,-1,-1,-1
96,4,386.68,254.28,294.53,639.95,0.93,-1,-1,-1
97,1,786.74,282.41,223.43,540.01,0.94,-1,-1,-1
97,3,1124.51,298.31,203.67,457.22,0.94,-1,-1,-1
97,4,400.17,253.95,290.39,637.37,0.93,-1,-1,-1
98,1,793.32,280.72,224.31,541.25,0.94,-1,-1,-1
98,3,1132.80,300.75,202.09,455.10,0.94,-1,-1,-1
98,4,414.69,252.67,282.84,629.50,0.93,-1,-1,-1
99,1,803.38,279.94,222.20,540.05,0.94,-1,-1,-1
99,3,1141.07,302.86,200.58,453.11,0.95,-1,-1,-1
99,4,425.70,252.83,275.94,624.55,0.93,-1,-1,-1
100,1,814.67,278.96,218.22,538.49,0.94,-1,-1,-1
100,3,1148.17,303.95,199.57,452.06,0.94,-1,-1,-1
100,4,440.54,252.64,270.27,622.54,0.93,-1,-1,-1
101,1,827.92,278.80,212.36,536.34,0.93,-1,-1,-1
101,3,1154.10,305.99,198.46,450.48,0.93,-1,-1,-1
101,4,455.38,252.22,267.28,623.54,0.93,-1,-1,-1
102,1,843.02,277.16,208.03,538.46,0.92,-1,-1,-1
102,3,1160.65,307.16,197.84,449.93,0.93,-1,-1,-1
102,4,470.76,252.94,264.64,623.09,0.93,-1,-1,-1
103,1,859.04,276.10,204.66,541.50,0.91,-1,-1,-1
103,3,1169.03,307.78,196.02,447.75,0.92,-1,-1,-1
103,4,485.10,252.75,263.03,623.88,0.93,-1,-1,-1
104,1,872.52,276.15,202.06,543.99,0.92,-1,-1,-1
104,3,1180.25,308.52,192.14,443.73,0.92,-1,-1,-1
104,4,500.61,253.89,260.95,622.56,0.93,-1,-1,-1
105,1,884.57,276.17,198.89,543.60,0.91,-1,-1,-1
105,3,1191.85,308.98,187.05,438.90,0.91,-1,-1,-1
105,4,523.01,255.42,261.83,621.44,0.94,-1,-1,-1
106,1,900.81,275.51,197.61,544.55,0.93,-1,-1,-1
106,3,1203.02,307.42,182.65,438.39,0.91,-1,-1,-1
106,4,548.41,258.44,264.33,617.71,0.94,-1,-1,-1
107,1,916.90,276.94,198.69,542.78,0.94,-1,-1,-1
107,3,1213.70,306.91,178.20,439.06,0.89,-1,-1,-1
107,4,569.00,260.68,268.08,615.69,0.94,-1,-1,-1
108,1,931.91,278.60,201.82,540.09,0.94,-1,-1,-1
108,3,1223.15,305.80,174.05,439.37,0.88,-1,-1,-1
108,4,581.35,262.27,271.36,613.31,0.93,-1,-1,-1
109,1,943.40,281.01,206.54,537.73,0.94,-1,-1,-1
109,3,1241.03,303.57,174.56,443.57,0.85,-1,-1,-1
109,4,587.16,263.83,273.72,610.13,0.93,-1,-1,-1
110,1,948.40,282.47,212.28,537.64,0.94,-1,-1,-1
110,3,1253.11,304.06,174.17,442.95,0.92,-1,-1,-1
110,4,591.11,265.27,276.10,609.00,0.94,-1,-1,-1
111,1,949.83,282.67,218.00,537.95,0.94,-1,-1,-1
111,3,1257.20,304.13,172.97,441.52,0.92,-1,-1,-1
111,4,594.58,263.31,277.95,609.32,0.94,-1,-1,-1
112,1,951.95,281.94,223.26,538.86,0.94,-1,-1,-1
112,3,1263.75,304.26,173.86,440.45,0.94,-1,-1,-1
112,4,599.38,261.53,278.91,610.51,0.93,-1,-1,-1
113,1,952.68,281.76,227.25,538.66,0.94,-1,-1,-1
113,3,1271.04,305.54,176.44,439.29,0.95,-1,-1,-1
113,4,610.55,260.83,277.46,611.01,0.94,-1,-1,-1
114,1,955.30,281.34,230.41,539.37,0.95,-1,-1,-1
114,3,1277.28,307.57,179.60,436.42,0.95,-1,-1,-1
114,4,623.37,259.43,274.87,612.81,0.94,-1,-1,-1
115,1,960.95,279.95,232.29,540.87,0.95,-1,-1,-1
115,3,1279.91,308.22,184.05,436.39,0.95,-1,-1,-1
115,4,634.94,257.11,271.13,616.64,0.94,-1,-1,-1
116,1,970.13,277.63,232.51,543.22,0.94,-1,-1,-1
116,3,1280.52,309.78,187.22,433.73,0.95,-1,-1,-1
116,4,644.72,255.78,266.05,618.11,0.93,-1,-1,-1
117,1,981.45,276.42,230.49,544.44,0.94,-1,-1,-1
117,3,1280.79,311.25,189.95,430.97,0.95,-1,-1,-1
117,4,656.76,256.29,259.93,617.22,0.93,-1,-1,-1
118,1,995.10,275.64,226.35,545.67,0.94,-1,-1,-1
118,3,1280.70,311.88,193.03,430.77,0.95,-1,-1,-1
118,4,672.87,257.49,254.16,615.00,0.92,-1,-1,-1
119,1,1007.36,275.58,220.61,546.34,0.94,-1,-1,-1
119,3,1281.89,312.10,195.31,430.74,0.95,-1,-1,-1
119,4,687.73,258.17,249.67,614.38,0.92,-1,-1,-1
120,1,1013.19,274.79,215.36,546.90,0.94,-1,-1,-1
120,3,1281.87,312.60,197.52,430.77,0.95,-1,-1,-1
120,4,694.47,257.98,245.74,614.17,0.93,-1,-1,-1
121,1,1037.90,274.62,212.22,546.54,0.94,-1,-1,-1
121,3,1291.68,311.53,197.97,432.05,0.95,-1,-1,-1
121,4,720.12,260.92,243.62,610.64,0.94,-1,-1,-1
122,1,1058.40,274.01,211.22,547.83,0.94,-1,-1,-1
122,3,1301.48,310.77,198.04,433.80,0.94,-1,-1,-1
122,4,745.04,261.80,244.58,609.55,0.94,-1,-1,-1
123,1,1076.35,274.57,211.01,549.30,0.93,-1,-1,-1
123,3,1314.90,309.80,197.78,434.70,0.92,-1,-1,-1
123,4,765.74,265.25,246.35,606.93,0.94,-1,-1,-1
124,1,1089.83,276.02,210.95,546.84,0.94,-1,-1,-1
124,3,1333.49,308.31,198.72,436.62,0.92,-1,-1,-1
124,4,779.95,267.98,248.31,603.18,0.94,-1,-1,-1
125,1,1102.49,277.92,211.84,544.54,0.95,-1,-1,-1
125,3,1334.04,308.52,193.21,436.57,0.92,-1,-1,-1
125,4,787.45,268.75,251.67,602.93,0.93,-1,-1,-1
126,1,1111.97,279.42,214.31,544.22,0.95,-1,-1,-1
126,3,1355.06,306.82,192.11,438.78,0.87,-1,-1,-1
126,4,792.69,269.01,255.04,602.89,0.93,-1,-1,-1
127,1,1118.06,280.98,217.33,543.54,0.95,-1,-1,-1
127,3,1376.99,307.63,192.96,436.83,0.93,-1,-1,-1
127,4,797.70,268.62,257.22,602.91,0.93,-1,-1,-1
128,1,1122.63,282.45,220.13,541.95,0.95,-1,-1,-1
128,3,1381.67,308.39,193.16,435.64,0.88,-1,-1,-1
128,4,805.98,269.33,257.67,602.96,0.93,-1,-1,-1
129,1,1126.00,282.10,223.26,541.35,0.95,-1,-1,-1
129,3,1374.97,309.57,191.11,435.19,0.89,-1,-1,-1
129,4,816.07,268.01,256.36,603.23,0.93,-1,-1,-1
130,1,1130.20,283.40,224.91,539.24,0.95,-1,-1,-1
130,3,1375.30,311.13,190.18,434.81,0.91,-1,-1,-1
130,4,830.03,268.16,250.69,596.89,0.93,-1,-1,-1
131,1,1135.94,283.42,226.24,538.90,0.95,-1,-1,-1
131,3,1380.77,313.05,189.28,432.88,0.93,-1,-1,-1
131,4,841.43,267.18,245.20,593.75,0.93,-1,-1,-1
132,1,1143.91,283.08,225.12,537.79,0.95,-1,-1,-1
132,3,1385.96,315.43,188.87,430.49,0.92,-1,-1,-1
132,4,852.58,265.68,241.04,592.84,0.93,-1,-1,-1
133,1,1150.04,282.93,222.20,536.05,0.95,-1,-1,-1
133,3,1393.28,317.43,188.20,428.04,0.90,-1,-1,-1
133,4,866.71,263.43,239.34,595.58,0.92,-1,-1,-1
134,1,1155.71,283.42,217.25,532.18,0.95,-1,-1,-1
134,3,1398.55,319.16,187.80,426.14,0.92,-1,-1,-1
134,4,880.20,263.70,237.57,595.10,0.93,-1,-1,-1
135,1,1160.05,284.48,211.19,528.51,0.94,-1,-1,-1
135,3,1405.78,319.10,187.39,424.78,0.92,-1,-1,-1
135,4,894.82,263.47,236.62,595.73,0.93,-1,-1,-1
136,1,1168.03,284.31,207.25,527.73,0.93,-1,-1,-1
136,3,1413.76,320.28,186.97,422.63,0.87,-1,-1,-1
136,4,908.85,264.51,235.30,595.78,0.93,-1,-1,-1
137,1,1177.30,283.33,204.30,528.39,0.94,-1,-1,-1
137,3,1420.62,321.36,185.74,420.30,0.86,-1,-1,-1
137,4,925.34,265.35,234.72,592.71,0.94,-1,-1,-1
138,1,1190.19,283.29,201.71,529.69,0.93,-1,-1,-1
138,3,1425.14,321.84,184.46,420.25,0.91,-1,-1,-1
138,4,947.16,267.12,237.23,591.01,0.94,-1,-1,-1
139,1,1200.59,284.27,198.92,529.21,0.92,-1,-1,-1
139,3,1432.24,321.99,181.63,418.49,0.92,-1,-1,-1
139,4,966.45,269.12,240.98,589.52,0.94,-1,-1,-1
140,1,1210.64,284.19,197.52,529.06,0.94,-1,-1,-1
140,3,1442.76,321.01,176.94,413.06,0.87,-1,-1,-1
140,4,978.25,269.64,245.64,588.77,0.94,-1,-1,-1
141,1,1221.71,285.60,197.45,527.58,0.94,-1,-1,-1
141,3,1452.49,320.15,173.89,411.52,0.86,-1,-1,-1
141,4,984.10,270.71,249.72,587.64,0.94,-1,-1,-1
142,1,1231.70,286.56,198.58,527.05,0.95,-1,-1,-1
142,3,1474.86,319.14,176.05,410.78,0.91,-1,-1,-1
142,4,986.62,273.11,252.20,583.90,0.94,-1,-1,-1
143,1,1239.38,289.26,199.00,523.64,0.95,-1,-1,-1
143,3,1483.40,318.19,177.80,411.57,0.92,-1,-1,-1
143,4,989.51,274.54,254.44,581.98,0.94,-1,-1,-1
144,1,1243.36,291.49,198.99,520.26,0.95,-1,-1,-1
144,3,1485.92,317.27,179.15,413.83,0.94,-1,-1,-1
144,4,991.59,274.05,257.71,584.10,0.94,-1,-1,-1
145,1,1244.88,293.42,198.72,517.91,0.95,-1,-1,-1
145,3,1486.88,317.14,179.04,414.50,0.93,-1,-1,-1
145,4,998.11,274.17,258.24,584.17,0.94,-1,-1,-1
146,1,1246.89,294.11,198.72,517.09,0.95,-1,-1,-1
146,3,1488.45,318.10,177.74,413.33,0.94,-1,-1,-1
146,4,1009.00,273.40,256.84,585.01,0.94,-1,-1,-1
147,1,1248.41,294.33,198.43,517.72,0.95,-1,-1,-1
147,3,1489.05,318.91,176.68,412.48,0.94,-1,-1,-1
147,4,1021.21,273.10,253.59,585.36,0.94,-1,-1,-1
148,1,1251.01,294.49,196.90,517.45,0.95,-1,-1,-1
148,3,1491.87,321.22,175.96,410.17,0.95,-1,-1,-1
148,4,1033.39,271.51,248.93,586.97,0.94,-1,-1,-1
149,1,1257.19,293.73,194.39,516.84,0.95,-1,-1,-1
149,3,1494.46,323.09,175.76,406.98,0.95,-1,-1,-1
149,4,1044.82,270.12,243.43,589.27,0.94,-1,-1,-1
150,1,1264.08,293.64,190.60,513.74,0.94,-1,-1,-1
150,3,1496.67,325.45,176.37,404.59,0.95,-1,-1,-1
150,4,1055.99,269.26,237.55,590.93,0.94,-1,-1,-1
151,1,1272.35,294.93,186.78,510.37,0.94,-1,-1,-1
151,3,1496.17,326.76,177.06,403.30,0.95,-1,-1,-1
151,4,1069.02,271.16,231.22,589.33,0.94,-1,-1,-1
152,1,1284.17,294.94,184.96,508.71,0.94,-1,-1,-1
152,3,1495.78,327.11,177.37,402.53,0.95,-1,-1,-1
152,4,1081.06,271.10,225.43,589.05,0.94,-1,-1,-1
153,1,1294.55,294.36,184.94,509.15,0.94,-1,-1,-1
153,3,1496.68,328.67,176.87,400.38,0.95,-1,-1,-1
153,4,1094.42,270.96,220.02,588.62,0.93,-1,-1,-1
154,1,1305.01,294.58,185.63,509.37,0.94,-1,-1,-1
154,3,1499.11,330.90,175.79,397.95,0.94,-1,-1,-1
154,4,1116.98,273.36,216.99,586.00,0.94,-1,-1,-1
155,1,1312.30,295.53,187.16,508.16,0.92,-1,-1,-1
155,3,1502.02,331.70,174.72,396.64,0.94,-1,-1,-1
155,4,1136.75,275.16,216.68,584.13,0.94,-1,-1,-1
156,1,1320.31,295.88,189.16,507.30,0.94,-1,-1,-1
156,3,1514.03,330.62,175.54,396.66,0.95,-1,-1,-1
156,4,1152.30,276.71,217.35,581.20,0.95,-1,-1,-1
157,1,1325.92,297.00,191.78,505.12,0.94,-1,-1,-1
157,3,1524.44,329.95,176.31,396.05,0.94,-1,-1,-1
157,4,1160.97,280.19,218.62,579.01,0.94,-1,-1,-1
158,1,1330.96,298.63,194.82,504.90,0.94,-1,-1,-1
158,3,1536.42,328.78,178.02,396.76,0.95,-1,-1,-1
158,4,1166.05,282.14,220.31,577.10,0.94,-1,-1,-1
159,1,1336.68,301.01,197.59,503.53,0.94,-1,-1,-1
159,3,1548.92,327.09,180.14,398.30,0.94,-1,-1,-1
159,4,1168.52,283.73,222.48,576.42,0.94,-1,-1,-1
160,1,1340.75,303.78,199.60,500.70,0.94,-1,-1,-1
160,3,1562.79,326.67,181.81,399.14,0.94,-1,-1,-1
160,4,1172.33,284.28,223.83,576.20,0.95,-1,-1,-1
