0,1,179.85,900.60,83.10,216.00,0.93,-1,-1,-1
0,2,447.00,903.00,94.20,224.40,0.93,-1,-1,-1
0,3,655.80,898.80,84.00,241.20,0.93,-1,-1,-1
0,4,363.60,899.40,90.00,214.80,0.93,-1,-1,-1
1,1,181.14,900.60,83.13,216.00,0.93,-1,-1,-1
1,2,446.22,901.96,94.20,224.40,0.93,-1,-1,-1
1,3,655.98,899.84,83.65,240.16,0.93,-1,-1,-1
1,4,363.39,898.88,89.91,214.80,0.93,-1,-1,-1
2,1,183.31,901.54,82.51,214.13,0.93,-1,-1,-1
2,2,445.80,902.72,93.84,223.46,0.93,-1,-1,-1
2,3,656.00,900.49,83.60,239.98,0.93,-1,-1,-1
2,4,363.90,899.73,89.26,213.86,0.93,-1,-1,-1
3,1,185.30,901.83,82.39,213.54,0.93,-1,-1,-1
3,2,444.74,903.43,93.78,223.17,0.94,-1,-1,-1
3,3,655.54,900.21,83.60,239.94,0.93,-1,-1,-1
3,4,364.33,899.54,88.99,214.49,0.93,-1,-1,-1
4,1,187.66,900.57,82.79,214.29,0.93,-1,-1,-1
4,2,444.17,903.21,93.82,223.10,0.94,-1,-1,-1
4,3,655.09,900.99,83.33,239.06,0.93,-1,-1,-1
4,4,365.10,899.47,88.07,213.82,0.92,-1,-1,-1
5,1,189.99,898.41,83.56,216.29,0.93,-1,-1,-1
5,2,443.98,903.11,93.90,223.09,0.94,-1,-1,-1
5,3,655.21,902.53,82.71,237.05,0.93,-1,-1,-1
5,4,364.80,899.01,87.57,214.46,0.92,-1,-1,-1
6,1,191.82,896.42,84.16,217.83,0.93,-1,-1,-1
6,2,442.64,902.23,94.42,223.95,0.94,-1,-1,-1
6,3,654.40,900.51,83.37,238.91,0.93,-1,-1,-1
6,4,364.53,898.84,86.46,213.86,0.92,-1,-1,-1
7,1,194.89,898.61,83.07,215.08,0.94,-1,-1,-1
7,2,441.28,902.33,94.75,224.26,0.94,-1,-1,-1
7,3,653.31,901.84,82.76,237.11,0.93,-1,-1,-1
7,4,364.27,898.79,85.57,213.64,0.92,-1,-1,-1
8,1,196.44,897.81,83.28,215.69,0.94,-1,-1,-1
8,2,440.97,902.77,94.57,223.55,0.93,-1,-1,-1
8,3,651.97,901.91,82.82,237.29,0.93,-1,-1,-1
8,4,363.84,898.36,85.11,214.39,0.92,-1,-1,-1
9,1,196.82,897.54,83.35,215.91,0.94,-1,-1,-1
9,2,441.05,902.94,94.58,223.29,0.93,-1,-1,-1
9,3,651.50,902.33,82.84,237.37,0.93,-1,-1,-1
9,4,363.93,898.21,84.47,214.66,0.92,-1,-1,-1
10,1,198.54,897.05,83.89,217.61,0.94,-1,-1,-1
10,2,440.25,903.00,94.70,223.20,0.93,-1,-1,-1
10,3,650.83,901.66,83.10,238.23,0.93,-1,-1,-1
10,4,362.69,897.76,84.38,215.57,0.92,-1,-1,-1
11,1,200.17,898.49,83.38,216.63,0.94,-1,-1,-1
11,2,439.34,903.42,94.79,223.17,0.93,-1,-1,-1
11,3,650.65,903.42,82.28,235.35,0.94,-1,-1,-1
11,4,360.75,898.40,84.13,215.91,0.92,-1,-1,-1
12,1,201.14,898.24,83.72,217.85,0.93,-1,-1,-1
12,2,437.90,903.17,95.08,223.16,0.93,-1,-1,-1
12,3,650.11,903.66,82.19,234.27,0.94,-1,-1,-1
12,4,359.82,897.84,83.67,216.03,0.92,-1,-1,-1
13,1,202.40,898.16,83.91,219.10,0.93,-1,-1,-1
13,2,437.15,903.08,95.66,223.96,0.93,-1,-1,-1
13,3,649.97,904.14,82.07,233.09,0.94,-1,-1,-1
13,4,358.92,900.03,82.66,214.47,0.92,-1,-1,-1
14,1,203.21,897.73,83.77,219.56,0.93,-1,-1,-1
14,2,436.88,902.64,96.30,225.06,0.93,-1,-1,-1
14,3,649.98,904.70,81.96,231.88,0.94,-1,-1,-1
14,4,357.99,901.66,81.52,212.28,0.92,-1,-1,-1
15,1,204.57,896.79,83.87,220.51,0.93,-1,-1,-1
15,2,436.38,901.68,96.99,226.27,0.94,-1,-1,-1
15,3,649.51,904.50,82.10,231.45,0.94,-1,-1,-1
15,4,356.78,901.86,80.88,211.46,0.93,-1,-1,-1
16,1,204.76,895.64,84.23,222.44,0.93,-1,-1,-1
16,2,435.07,901.32,97.56,226.71,0.93,-1,-1,-1
16,3,648.11,903.21,83.03,232.92,0.94,-1,-1,-1
16,4,355.22,902.32,80.15,210.37,0.93,-1,-1,-1
17,1,204.89,895.22,84.16,223.15,0.93,-1,-1,-1
17,2,434.50,901.19,97.97,226.87,0.93,-1,-1,-1
17,3,647.49,902.72,83.61,233.49,0.94,-1,-1,-1
17,4,354.62,902.09,79.97,210.77,0.93,-1,-1,-1
18,1,206.89,897.06,83.47,221.82,0.93,-1,-1,-1
18,2,435.01,901.94,98.71,227.71,0.93,-1,-1,-1
18,3,647.45,902.92,84.29,234.51,0.94,-1,-1,-1
18,4,354.63,903.97,79.11,208.55,0.93,-1,-1,-1
19,1,207.72,898.16,83.37,222.08,0.93,-1,-1,-1
19,2,435.48,902.23,99.24,228.02,0.93,-1,-1,-1
19,3,647.83,904.19,84.58,234.12,0.94,-1,-1,-1
19,4,353.85,903.88,79.26,209.33,0.93,-1,-1,-1
20,1,208.15,898.58,83.60,222.95,0.93,-1,-1,-1
20,2,435.97,903.13,100.06,228.91,0.93,-1,-1,-1
20,3,648.03,904.66,85.41,235.56,0.94,-1,-1,-1
20,4,353.19,904.62,78.92,208.84,0.93,-1,-1,-1
21,1,208.00,898.74,83.44,222.48,0.93,-1,-1,-1
21,2,435.99,903.47,100.71,229.24,0.93,-1,-1,-1
21,3,647.45,904.04,86.25,236.91,0.94,-1,-1,-1
21,4,351.78,904.48,78.81,209.47,0.93,-1,-1,-1
22,1,207.94,898.01,83.69,223.07,0.93,-1,-1,-1
22,2,435.56,903.60,101.44,229.35,0.92,-1,-1,-1
22,3,647.14,903.80,86.76,237.41,0.94,-1,-1,-1
22,4,350.42,902.43,79.30,212.10,0.93,-1,-1,-1
23,1,208.25,896.94,84.22,224.87,0.93,-1,-1,-1
23,2,436.56,904.43,102.18,229.37,0.93,-1,-1,-1
23,3,646.97,902.12,87.87,239.97,0.94,-1,-1,-1
23,4,349.96,902.44,78.66,211.52,0.93,-1,-1,-1
24,1,209.45,897.32,84.17,224.74,0.93,-1,-1,-1
24,2,437.48,904.74,102.96,229.37,0.94,-1,-1,-1
24,3,647.26,902.67,88.38,240.93,0.94,-1,-1,-1
24,4,349.24,899.67,79.20,214.47,0.92,-1,-1,-1
25,1,209.75,897.08,84.39,225.46,0.93,-1,-1,-1
25,2,437.62,904.85,103.66,229.36,0.94,-1,-1,-1
25,3,647.34,902.88,88.65,241.28,0.94,-1,-1,-1
25,4,349.14,898.62,79.10,215.58,0.92,-1,-1,-1
26,1,210.71,896.20,84.70,226.51,0.93,-1,-1,-1
26,2,438.43,903.30,105.58,232.51,0.94,-1,-1,-1
26,3,648.49,901.77,89.68,243.76,0.94,-1,-1,-1
26,4,348.79,899.02,78.99,216.78,0.93,-1,-1,-1
27,1,211.11,895.48,85.07,227.68,0.93,-1,-1,-1
27,2,438.23,903.50,106.48,232.90,0.93,-1,-1,-1
27,3,649.41,902.14,89.88,243.90,0.94,-1,-1,-1
27,4,347.33,898.79,78.89,218.01,0.92,-1,-1,-1
28,1,211.95,896.00,84.95,227.31,0.93,-1,-1,-1
28,2,438.49,902.78,107.31,233.02,0.94,-1,-1,-1
28,3,650.91,902.69,90.02,243.92,0.93,-1,-1,-1
28,4,346.31,899.11,78.67,218.45,0.92,-1,-1,-1
29,1,211.65,896.21,85.30,227.94,0.93,-1,-1,-1
29,2,439.67,902.12,107.82,233.84,0.92,-1,-1,-1
29,3,651.92,902.89,90.75,245.48,0.94,-1,-1,-1
29,4,345.39,900.42,78.14,217.81,0.92,-1,-1,-1
30,1,211.79,896.29,85.45,228.16,0.94,-1,-1,-1
30,2,438.97,901.47,108.68,234.92,0.92,-1,-1,-1
30,3,653.03,903.37,91.10,246.06,0.94,-1,-1,-1
30,4,344.25,902.12,77.59,217.55,0.93,-1,-1,-1
31,1,212.14,897.12,85.46,228.22,0.93,-1,-1,-1
31,2,439.93,901.23,108.89,235.31,0.92,-1,-1,-1
31,3,654.53,902.36,91.44,247.04,0.94,-1,-1,-1
31,4,343.48,902.36,77.75,219.02,0.92,-1,-1,-1
32,1,211.74,898.23,85.67,229.02,0.93,-1,-1,-1
32,2,445.88,901.54,107.25,234.64,0.92,-1,-1,-1
32,3,655.14,902.37,91.42,247.38,0.94,-1,-1,-1
32,4,342.72,903.63,77.23,217.98,0.92,-1,-1,-1
33,1,212.35,899.44,85.39,228.51,0.93,-1,-1,-1
33,2,447.89,901.67,106.28,235.16,0.93,-1,-1,-1
33,3,656.37,903.56,90.95,245.91,0.94,-1,-1,-1
33,4,341.81,904.50,76.78,216.77,0.92,-1,-1,-1
34,1,212.58,899.89,85.22,228.30,0.93,-1,-1,-1
34,2,449.14,901.72,105.27,235.34,0.93,-1,-1,-1
34,3,656.67,903.62,91.04,246.12,0.94,-1,-1,-1
34,4,341.51,904.82,76.58,216.31,0.92,-1,-1,-1
35,1,213.58,899.66,85.48,229.00,0.93,-1,-1,-1
35,2,449.21,902.14,104.41,235.39,0.93,-1,-1,-1
35,3,657.63,901.66,91.70,247.76,0.94,-1,-1,-1
35,4,340.53,905.32,76.73,216.92,0.92,-1,-1,-1
36,1,214.62,900.35,85.40,229.25,0.93,-1,-1,-1
36,2,448.68,901.91,104.34,236.98,0.93,-1,-1,-1
36,3,657.78,899.73,92.33,249.16,0.94,-1,-1,-1
36,4,339.64,905.50,77.11,217.94,0.92,-1,-1,-1
37,1,215.86,901.40,85.01,228.54,0.93,-1,-1,-1
37,2,441.90,902.21,105.55,237.56,0.93,-1,-1,-1
37,3,658.18,899.01,92.63,249.67,0.94,-1,-1,-1
37,4,338.05,904.76,77.85,219.90,0.92,-1,-1,-1
38,1,216.64,900.59,85.00,229.05,0.93,-1,-1,-1
38,2,439.64,903.12,106.14,236.97,0.93,-1,-1,-1
38,3,658.55,897.95,93.04,250.63,0.94,-1,-1,-1
38,4,336.70,904.07,78.50,221.43,0.92,-1,-1,-1
39,1,217.00,898.30,85.81,231.61,0.93,-1,-1,-1
39,2,438.28,903.07,107.35,238.32,0.93,-1,-1,-1
39,3,659.05,897.96,93.21,250.97,0.94,-1,-1,-1
39,4,336.08,903.02,79.04,222.78,0.92,-1,-1,-1
40,1,218.00,896.24,86.51,234.15,0.93,-1,-1,-1
40,2,437.20,903.05,108.19,238.81,0.93,-1,-1,-1
40,3,658.62,897.59,93.66,251.86,0.94,-1,-1,-1
40,4,335.91,901.82,79.57,224.06,0.91,-1,-1,-1
41,1,219.02,895.46,86.81,235.09,0.93,-1,-1,-1
41,2,437.07,903.43,108.76,238.97,0.93,-1,-1,-1
41,3,658.74,897.46,94.01,252.97,0.94,-1,-1,-1
41,4,334.11,900.58,80.56,225.31,0.91,-1,-1,-1
42,1,219.49,895.18,86.92,235.42,0.93,-1,-1,-1
42,2,437.13,903.58,109.17,239.02,0.93,-1,-1,-1
42,3,658.78,897.43,94.11,253.36,0.94,-1,-1,-1
42,4,333.51,900.11,81.21,225.76,0.91,-1,-1,-1
43,1,219.60,893.11,87.61,237.10,0.93,-1,-1,-1
43,2,437.05,904.42,109.16,238.23,0.93,-1,-1,-1
43,3,658.33,898.22,94.25,254.27,0.93,-1,-1,-1
43,4,328.87,900.74,82.83,225.11,0.92,-1,-1,-1
44,1,219.44,891.55,87.84,237.71,0.93,-1,-1,-1
44,2,436.46,903.54,109.90,239.50,0.92,-1,-1,-1
44,3,657.14,898.53,93.94,253.80,0.93,-1,-1,-1
44,4,327.03,900.98,84.08,222.47,0.92,-1,-1,-1
45,1,220.14,891.37,87.93,237.91,0.93,-1,-1,-1
45,2,440.27,904.00,108.85,239.17,0.92,-1,-1,-1
45,3,657.11,898.66,93.74,253.60,0.93,-1,-1,-1
45,4,327.44,899.10,87.19,223.82,0.93,-1,-1,-1
46,1,220.88,892.12,88.15,238.74,0.93,-1,-1,-1
46,2,440.28,904.56,108.55,239.03,0.93,-1,-1,-1
46,3,657.00,899.11,93.84,254.29,0.93,-1,-1,-1
46,4,328.05,897.60,91.06,225.91,0.94,-1,-1,-1
47,1,221.10,894.00,88.50,239.82,0.93,-1,-1,-1
47,2,444.63,902.00,108.47,242.14,0.92,-1,-1,-1
47,3,656.96,898.88,94.65,256.91,0.93,-1,-1,-1
47,4,326.11,895.87,96.54,229.05,0.94,-1,-1,-1
48,1,221.86,894.33,88.90,240.99,0.93,-1,-1,-1
48,2,443.22,899.06,108.97,244.87,0.93,-1,-1,-1
48,3,656.09,896.44,95.87,261.03,0.93,-1,-1,-1
48,4,324.28,895.23,102.09,231.00,0.94,-1,-1,-1
49,1,221.78,894.86,88.87,241.41,0.93,-1,-1,-1
49,2,443.65,897.56,108.79,246.68,0.93,-1,-1,-1
49,3,656.07,899.05,94.92,258.64,0.94,-1,-1,-1
49,4,321.97,894.22,108.55,234.08,0.93,-1,-1,-1
50,1,221.44,894.67,89.21,243.12,0.93,-1,-1,-1
50,2,444.48,897.00,108.12,247.34,0.93,-1,-1,-1
50,3,655.25,898.08,95.37,260.05,0.93,-1,-1,-1
50,4,319.27,895.42,114.36,233.65,0.92,-1,-1,-1
51,1,221.25,894.60,89.53,244.52,0.93,-1,-1,-1
51,2,442.98,896.42,107.93,247.55,0.94,-1,-1,-1
51,3,654.79,896.93,95.85,261.35,0.94,-1,-1,-1
51,4,317.15,895.91,120.25,234.22,0.92,-1,-1,-1
52,1,220.96,894.97,89.55,245.02,0.93,-1,-1,-1
52,2,441.44,896.21,107.80,247.60,0.93,-1,-1,-1
52,3,653.50,896.90,95.89,261.02,0.94,-1,-1,-1
52,4,313.12,895.72,126.65,235.98,0.90,-1,-1,-1
53,1,220.77,895.51,89.39,245.18,0.93,-1,-1,-1
53,2,440.86,896.16,107.71,247.59,0.93,-1,-1,-1
53,3,652.40,895.71,96.34,261.65,0.94,-1,-1,-1
53,4,312.40,896.84,131.60,235.83,0.90,-1,-1,-1
54,1,220.95,895.71,89.20,245.21,0.93,-1,-1,-1
54,2,442.20,896.55,107.34,247.56,0.93,-1,-1,-1
54,3,652.06,895.26,96.37,261.07,0.94,-1,-1,-1
54,4,309.86,896.49,136.93,237.31,0.90,-1,-1,-1
55,1,220.62,894.60,89.60,246.77,0.93,-1,-1,-1
55,2,443.06,897.11,107.30,248.31,0.94,-1,-1,-1
55,3,651.60,895.11,96.27,260.83,0.94,-1,-1,-1
55,4,303.57,896.36,140.42,237.83,0.91,-1,-1,-1
56,1,220.73,893.39,89.76,247.33,0.93,-1,-1,-1
56,2,442.82,897.34,107.60,249.37,0.94,-1,-1,-1
56,3,651.05,895.06,96.21,260.71,0.94,-1,-1,-1
56,4,300.01,895.93,143.39,238.79,0.93,-1,-1,-1
57,1,220.64,890.96,90.34,249.09,0.93,-1,-1,-1
57,2,442.72,897.83,107.73,249.74,0.93,-1,-1,-1
57,3,650.30,892.68,97.30,263.82,0.94,-1,-1,-1
57,4,298.56,894.59,145.23,239.90,0.93,-1,-1,-1
58,1,220.68,889.65,90.51,249.73,0.93,-1,-1,-1
58,2,441.39,899.21,107.98,249.86,0.94,-1,-1,-1
58,3,649.05,892.98,97.30,264.18,0.94,-1,-1,-1
58,4,299.09,893.30,145.30,241.08,0.94,-1,-1,-1
59,1,221.79,889.96,90.44,249.15,0.93,-1,-1,-1
59,2,441.96,899.74,108.29,249.88,0.94,-1,-1,-1
59,3,648.68,893.90,97.11,264.29,0.94,-1,-1,-1
59,4,300.67,891.64,143.77,242.28,0.94,-1,-1,-1
60,1,222.45,888.52,91.30,251.27,0.94,-1,-1,-1
60,2,441.65,901.12,109.07,249.87,0.94,-1,-1,-1
60,3,648.43,893.87,97.29,265.89,0.94,-1,-1,-1
60,4,302.72,891.02,140.72,241.91,0.94,-1,-1,-1
61,1,223.13,888.38,91.43,251.26,0.93,-1,-1,-1
61,2,440.22,901.25,110.41,250.64,0.93,-1,-1,-1
61,3,647.61,894.26,97.25,266.47,0.94,-1,-1,-1
61,4,303.51,891.21,137.59,241.73,0.94,-1,-1,-1
62,1,223.24,889.15,91.25,250.43,0.94,-1,-1,-1
62,2,439.67,902.08,111.72,250.91,0.94,-1,-1,-1
62,3,647.51,894.82,96.84,265.88,0.94,-1,-1,-1
62,4,303.68,891.30,134.30,240.84,0.93,-1,-1,-1
63,1,223.73,889.45,91.84,251.67,0.94,-1,-1,-1
63,2,438.02,901.20,113.91,253.37,0.94,-1,-1,-1
63,3,648.40,895.04,96.46,265.62,0.94,-1,-1,-1
63,4,306.54,890.56,131.04,241.27,0.94,-1,-1,-1
64,1,224.26,890.37,92.13,252.11,0.93,-1,-1,-1
64,2,437.55,899.67,116.01,255.07,0.94,-1,-1,-1
64,3,648.82,896.70,96.16,265.51,0.94,-1,-1,-1
64,4,308.54,890.30,127.62,241.41,0.93,-1,-1,-1
65,1,224.77,891.13,92.47,253.05,0.93,-1,-1,-1
65,2,436.17,898.30,118.04,256.48,0.95,-1,-1,-1
65,3,650.25,897.73,95.91,265.45,0.94,-1,-1,-1
65,4,309.52,888.63,125.49,243.82,0.93,-1,-1,-1
66,1,225.43,893.00,92.62,253.38,0.93,-1,-1,-1
66,2,435.24,896.99,120.01,257.77,0.93,-1,-1,-1
66,3,651.26,899.30,95.68,265.41,0.94,-1,-1,-1
66,4,312.01,888.81,122.43,245.50,0.93,-1,-1,-1
67,1,225.74,893.71,92.72,253.48,0.93,-1,-1,-1
67,2,434.37,896.50,121.41,258.23,0.93,-1,-1,-1
67,3,651.70,899.89,95.48,265.38,0.94,-1,-1,-1
67,4,314.21,888.90,119.16,246.11,0.93,-1,-1,-1
68,1,226.21,893.18,93.89,256.66,0.93,-1,-1,-1
68,2,434.08,895.54,123.04,259.16,0.94,-1,-1,-1
68,3,653.34,896.53,97.22,270.11,0.93,-1,-1,-1
68,4,316.84,891.32,116.31,247.10,0.93,-1,-1,-1
69,1,226.85,892.97,94.46,257.83,0.93,-1,-1,-1
69,2,433.73,894.79,124.54,260.27,0.93,-1,-1,-1
69,3,654.61,894.86,98.13,272.66,0.93,-1,-1,-1
69,4,318.96,891.86,113.77,248.23,0.93,-1,-1,-1
70,1,227.42,892.10,95.28,259.83,0.93,-1,-1,-1
70,2,434.07,895.31,125.34,259.87,0.94,-1,-1,-1
70,3,655.70,894.23,98.81,273.61,0.93,-1,-1,-1
70,4,321.51,893.25,111.28,248.63,0.93,-1,-1,-1
71,1,227.93,892.56,95.73,260.55,0.93,-1,-1,-1
71,2,439.07,895.52,125.38,260.48,0.91,-1,-1,-1
71,3,656.17,892.81,99.72,275.51,0.93,-1,-1,-1
71,4,323.37,893.78,109.70,250.33,0.93,-1,-1,-1
72,1,229.34,891.94,96.29,261.58,0.93,-1,-1,-1
72,2,437.93,896.40,126.72,261.47,0.93,-1,-1,-1
72,3,657.00,892.28,100.28,276.20,0.93,-1,-1,-1
72,4,326.81,896.73,106.77,248.58,0.94,-1,-1,-1
73,1,230.70,892.10,96.86,262.72,0.94,-1,-1,-1
73,2,437.06,895.96,128.82,264.19,0.94,-1,-1,-1
73,3,658.04,890.91,101.38,278.78,0.94,-1,-1,-1
73,4,330.26,895.87,105.70,250.26,0.94,-1,-1,-1
74,1,230.92,891.77,97.63,263.90,0.94,-1,-1,-1
74,2,440.16,896.58,129.44,265.97,0.93,-1,-1,-1
74,3,658.25,889.62,102.11,280.51,0.94,-1,-1,-1
74,4,332.86,896.32,104.61,250.86,0.94,-1,-1,-1
75,1,230.96,892.04,97.85,263.53,0.94,-1,-1,-1
75,2,443.52,897.22,129.61,268.19,0.93,-1,-1,-1
75,3,658.28,890.72,102.43,281.13,0.94,-1,-1,-1
75,4,334.38,896.88,103.47,251.07,0.94,-1,-1,-1
76,1,230.67,892.93,98.37,264.14,0.94,-1,-1,-1
76,2,445.35,899.83,128.90,268.21,0.93,-1,-1,-1
76,3,657.88,891.16,103.32,283.68,0.94,-1,-1,-1
76,4,335.52,897.47,103.02,251.91,0.93,-1,-1,-1
77,1,231.45,893.27,98.99,265.92,0.94,-1,-1,-1
77,2,447.24,902.40,127.74,267.38,0.92,-1,-1,-1
77,3,657.60,892.13,103.87,285.40,0.94,-1,-1,-1
77,4,337.27,897.68,102.52,252.20,0.94,-1,-1,-1
78,1,231.83,893.79,99.62,268.14,0.94,-1,-1,-1
78,2,450.74,903.36,126.78,268.61,0.93,-1,-1,-1
78,3,658.14,894.87,103.52,284.42,0.94,-1,-1,-1
78,4,339.52,897.75,102.23,252.29,0.94,-1,-1,-1
79,1,232.11,893.98,100.22,271.31,0.94,-1,-1,-1
79,2,450.92,903.71,126.25,269.83,0.93,-1,-1,-1
79,3,658.05,897.50,103.14,283.21,0.94,-1,-1,-1
79,4,341.41,898.16,101.95,251.50,0.94,-1,-1,-1
80,1,232.73,894.83,99.86,271.69,0.93,-1,-1,-1
80,2,452.33,903.43,125.63,271.84,0.93,-1,-1,-1
80,3,657.35,898.10,103.49,284.29,0.94,-1,-1,-1
80,4,342.74,898.70,102.51,252.77,0.94,-1,-1,-1
81,1,233.61,896.34,99.46,271.78,0.94,-1,-1,-1
81,2,453.78,903.30,124.66,272.57,0.94,-1,-1,-1
81,3,657.66,899.89,103.24,283.88,0.94,-1,-1,-1
81,4,344.24,897.70,103.79,256.39,0.94,-1,-1,-1
82,1,234.56,897.69,99.03,271.77,0.94,-1,-1,-1
82,2,453.94,903.24,123.82,272.81,0.93,-1,-1,-1
82,3,657.56,900.55,103.57,285.27,0.94,-1,-1,-1
82,4,346.47,899.28,103.61,256.17,0.94,-1,-1,-1
83,1,234.70,898.19,99.04,273.31,0.94,-1,-1,-1
83,2,452.29,902.80,123.27,272.86,0.93,-1,-1,-1
83,3,657.43,900.39,103.83,286.56,0.94,-1,-1,-1
83,4,348.12,901.06,103.43,256.05,0.94,-1,-1,-1
84,1,235.77,900.33,98.35,273.06,0.94,-1,-1,-1
84,2,451.36,902.62,123.20,272.84,0.94,-1,-1,-1
84,3,657.83,900.70,103.82,287.02,0.94,-1,-1,-1
84,4,350.94,902.12,103.61,256.77,0.94,-1,-1,-1
85,1,236.90,902.31,98.17,273.72,0.94,-1,-1,-1
85,2,451.66,904.13,123.79,274.39,0.94,-1,-1,-1
85,3,659.36,901.59,104.19,288.74,0.94,-1,-1,-1
85,4,353.30,902.50,104.54,260.17,0.93,-1,-1,-1
86,1,238.15,901.85,99.09,277.10,0.94,-1,-1,-1
86,2,452.40,905.87,124.31,275.73,0.94,-1,-1,-1
86,3,662.40,906.25,103.33,286.20,0.94,-1,-1,-1
86,4,355.87,904.20,104.96,262.22,0.93,-1,-1,-1
87,1,240.06,902.83,98.96,277.56,0.93,-1,-1,-1
87,2,453.36,908.10,123.90,274.63,0.94,-1,-1,-1
87,3,664.37,907.60,103.74,286.78,0.94,-1,-1,-1
87,4,359.22,906.40,104.19,261.40,0.93,-1,-1,-1
88,1,240.99,904.36,98.85,277.69,0.93,-1,-1,-1
88,2,453.79,909.32,123.96,274.97,0.94,-1,-1,-1
88,3,664.94,906.10,104.97,290.15,0.94,-1,-1,-1
88,4,361.23,908.79,103.86,261.83,0.93,-1,-1,-1
89,1,241.69,905.31,98.92,277.70,0.94,-1,-1,-1
89,2,454.20,910.15,124.23,275.87,0.94,-1,-1,-1
89,3,665.43,903.92,106.39,293.76,0.94,-1,-1,-1
89,4,361.51,908.88,104.16,263.54,0.93,-1,-1,-1
90,1,241.25,907.62,98.53,276.08,0.94,-1,-1,-1
90,2,454.28,911.23,124.44,276.97,0.94,-1,-1,-1
90,3,665.23,903.46,106.86,295.10,0.94,-1,-1,-1
90,4,361.61,910.45,103.75,263.37,0.93,-1,-1,-1
91,1,241.27,908.86,98.23,274.65,0.94,-1,-1,-1
91,2,454.38,911.61,124.35,277.37,0.94,-1,-1,-1
91,3,665.13,903.27,107.02,295.57,0.94,-1,-1,-1
91,4,361.68,911.01,103.39,263.27,0.93,-1,-1,-1
92,1,241.40,909.29,99.01,276.46,0.94,-1,-1,-1
92,2,456.27,913.70,124.91,279.86,0.94,-1,-1,-1
92,3,666.16,903.58,108.02,298.07,0.94,-1,-1,-1
92,4,361.88,911.19,103.19,263.20,0.94,-1,-1,-1
93,1,240.69,909.81,99.39,277.13,0.94,-1,-1,-1
93,2,456.61,915.65,125.04,280.78,0.94,-1,-1,-1
93,3,666.24,905.26,108.20,298.19,0.94,-1,-1,-1
93,4,361.70,911.22,103.13,263.15,0.94,-1,-1,-1
94,1,240.68,909.97,100.26,279.74,0.94,-1,-1,-1
94,2,457.45,916.75,125.21,281.09,0.94,-1,-1,-1
94,3,667.03,906.68,109.05,300.56,0.94,-1,-1,-1
94,4,361.95,911.99,103.17,263.90,0.94,-1,-1,-1
95,1,241.28,912.37,100.24,279.91,0.94,-1,-1,-1
95,2,458.76,918.71,126.00,282.76,0.94,-1,-1,-1
95,3,668.43,907.60,109.48,302.20,0.94,-1,-1,-1
95,4,362.34,913.44,103.30,264.95,0.94,-1,-1,-1
96,1,241.16,914.04,100.59,281.53,0.94,-1,-1,-1
96,2,459.63,919.41,127.08,284.94,0.93,-1,-1,-1
96,3,669.56,909.11,109.18,301.99,0.94,-1,-1,-1
96,4,362.25,914.75,103.35,266.12,0.94,-1,-1,-1
97,1,241.47,916.61,100.56,282.12,0.93,-1,-1,-1
97,2,460.30,920.82,127.93,285.73,0.94,-1,-1,-1
97,3,672.03,914.40,108.07,298.70,0.94,-1,-1,-1
97,4,362.91,917.19,103.09,266.54,0.94,-1,-1,-1
98,1,241.91,917.94,100.96,283.89,0.93,-1,-1,-1
98,2,461.69,921.71,129.09,286.78,0.94,-1,-1,-1
98,3,674.80,915.19,108.68,301.38,0.94,-1,-1,-1
98,4,363.33,918.48,103.39,268.25,0.94,-1,-1,-1
99,1,242.89,919.98,100.83,283.74,0.93,-1,-1,-1
99,2,462.26,920.83,130.95,289.51,0.94,-1,-1,-1
99,3,676.85,915.84,109.19,303.93,0.94,-1,-1,-1
99,4,363.92,920.11,103.37,268.88,0.94,-1,-1,-1
100,1,243.32,920.31,101.24,285.23,0.93,-1,-1,-1
100,2,463.09,921.24,132.32,290.51,0.95,-1,-1,-1
100,3,678.97,916.05,109.76,306.45,0.94,-1,-1,-1
100,4,365.31,922.67,102.94,268.29,0.94,-1,-1,-1
101,1,244.28,920.78,101.53,286.56,0.93,-1,-1,-1
101,2,464.35,921.37,133.65,290.84,0.95,-1,-1,-1
101,3,681.43,915.70,110.50,309.72,0.94,-1,-1,-1
101,4,366.88,923.99,103.02,269.63,0.94,-1,-1,-1
102,1,244.83,919.34,102.22,289.39,0.94,-1,-1,-1
102,2,464.60,921.38,135.71,292.50,0.95,-1,-1,-1
102,3,684.34,915.92,110.66,310.93,0.93,-1,-1,-1
102,4,369.24,924.44,103.01,270.90,0.94,-1,-1,-1
103,1,245.59,917.97,102.90,292.01,0.93,-1,-1,-1
103,2,465.08,922.15,137.19,292.31,0.94,-1,-1,-1
103,3,687.49,915.58,111.26,312.91,0.94,-1,-1,-1
103,4,370.75,925.75,103.27,272.14,0.94,-1,-1,-1
104,1,246.64,917.81,103.08,292.97,0.94,-1,-1,-1
104,2,465.95,922.81,138.68,292.19,0.94,-1,-1,-1
104,3,691.31,918.18,110.81,311.24,0.94,-1,-1,-1
104,4,372.07,925.80,103.79,273.38,0.94,-1,-1,-1
105,1,247.39,916.54,103.78,294.86,0.94,-1,-1,-1
105,2,466.52,923.04,140.23,292.89,0.94,-1,-1,-1
105,3,694.19,918.35,110.82,311.34,0.94,-1,-1,-1
105,4,373.10,924.60,104.81,275.39,0.94,-1,-1,-1
106,1,248.74,916.83,104.22,295.53,0.94,-1,-1,-1
106,2,468.77,923.49,142.01,294.71,0.92,-1,-1,-1
106,3,697.01,918.78,111.15,311.73,0.94,-1,-1,-1
106,4,374.13,924.49,105.79,276.91,0.94,-1,-1,-1
107,1,249.54,916.93,104.65,296.53,0.94,-1,-1,-1
107,2,478.61,924.82,141.58,296.94,0.93,-1,-1,-1
107,3,699.87,919.31,111.48,312.24,0.94,-1,-1,-1
107,4,375.20,924.82,106.31,277.46,0.94,-1,-1,-1
108,1,249.96,916.95,105.00,297.65,0.94,-1,-1,-1
108,2,474.15,924.52,144.08,300.91,0.94,-1,-1,-1
108,3,702.58,919.09,112.13,312.79,0.95,-1,-1,-1
108,4,376.90,924.52,106.98,278.41,0.94,-1,-1,-1
109,1,250.23,919.71,105.06,298.03,0.94,-1,-1,-1
109,2,473.08,925.95,145.60,303.16,0.94,-1,-1,-1
109,3,704.63,918.98,113.32,314.54,0.95,-1,-1,-1
109,4,379.18,924.77,107.43,278.74,0.94,-1,-1,-1
110,1,249.92,922.32,105.24,298.92,0.94,-1,-1,-1
110,2,476.39,929.23,144.71,301.21,0.93,-1,-1,-1
110,3,705.60,918.92,114.78,317.54,0.94,-1,-1,-1
110,4,381.14,925.24,108.07,279.62,0.94,-1,-1,-1
111,1,249.45,924.87,105.17,299.21,0.94,-1,-1,-1
111,2,477.96,930.85,144.62,300.80,0.93,-1,-1,-1
111,3,707.24,920.05,115.76,319.04,0.95,-1,-1,-1
111,4,382.56,925.40,109.22,281.49,0.94,-1,-1,-1
112,1,248.61,925.81,105.62,300.87,0.94,-1,-1,-1
112,2,483.67,931.82,143.93,301.79,0.93,-1,-1,-1
112,3,708.67,922.05,116.72,321.14,0.95,-1,-1,-1
112,4,384.06,925.84,110.38,283.75,0.94,-1,-1,-1
113,1,247.04,926.13,106.00,302.24,0.94,-1,-1,-1
113,2,479.59,932.15,145.15,303.71,0.94,-1,-1,-1
113,3,709.84,925.15,116.45,319.53,0.95,-1,-1,-1
113,4,385.31,926.38,111.69,286.93,0.94,-1,-1,-1
114,1,245.58,927.01,106.66,304.70,0.94,-1,-1,-1
114,2,477.00,931.85,146.78,306.37,0.94,-1,-1,-1
114,3,710.79,925.90,116.74,320.05,0.95,-1,-1,-1
114,4,386.96,928.14,112.10,288.10,0.94,-1,-1,-1
115,1,244.72,928.09,106.52,304.80,0.94,-1,-1,-1
115,2,475.68,932.09,147.96,307.74,0.94,-1,-1,-1
115,3,711.22,925.76,118.11,323.77,0.95,-1,-1,-1
115,4,388.56,929.97,112.15,288.50,0.94,-1,-1,-1
116,1,244.38,928.87,106.48,305.19,0.94,-1,-1,-1
116,2,475.01,932.16,148.67,308.21,0.94,-1,-1,-1
116,3,711.57,927.25,118.13,323.56,0.95,-1,-1,-1
116,4,389.14,930.65,112.10,288.59,0.94,-1,-1,-1
117,1,242.27,930.31,106.68,305.69,0.94,-1,-1,-1
117,2,483.97,931.76,147.60,311.11,0.94,-1,-1,-1
117,3,714.98,929.36,118.54,324.22,0.95,-1,-1,-1
117,4,388.23,932.85,112.64,288.59,0.94,-1,-1,-1
118,1,240.76,930.83,107.09,306.63,0.94,-1,-1,-1
118,2,478.47,930.40,148.39,313.34,0.94,-1,-1,-1
118,3,717.51,930.13,119.24,325.23,0.95,-1,-1,-1
118,4,385.04,933.26,114.06,289.33,0.93,-1,-1,-1
119,1,239.76,930.59,107.43,307.34,0.94,-1,-1,-1
119,2,476.41,929.87,148.51,314.93,0.94,-1,-1,-1
119,3,719.43,930.39,119.80,326.36,0.95,-1,-1,-1
119,4,380.85,933.77,116.14,290.37,0.93,-1,-1,-1
120,1,239.49,930.07,107.68,307.97,0.94,-1,-1,-1
120,2,475.93,930.44,147.88,314.69,0.94,-1,-1,-1
120,3,721.39,930.44,120.55,327.53,0.95,-1,-1,-1
120,4,376.65,933.94,118.14,290.72,0.93,-1,-1,-1
121,1,238.98,930.24,107.93,308.57,0.94,-1,-1,-1
121,2,475.31,930.25,148.07,316.52,0.94,-1,-1,-1
121,3,722.72,930.83,121.09,327.55,0.95,-1,-1,-1
121,4,373.04,933.97,120.13,291.61,0.93,-1,-1,-1
122,1,238.39,930.29,108.45,309.55,0.95,-1,-1,-1
122,2,475.89,930.56,147.47,316.77,0.94,-1,-1,-1
122,3,722.97,928.97,122.44,330.28,0.95,-1,-1,-1
122,4,373.26,933.96,120.86,292.70,0.94,-1,-1,-1
123,1,237.12,930.28,108.99,310.68,0.95,-1,-1,-1
123,2,475.49,931.07,147.09,317.21,0.94,-1,-1,-1
123,3,722.99,928.24,123.73,332.85,0.95,-1,-1,-1
123,4,375.82,934.32,120.14,292.30,0.94,-1,-1,-1
124,1,236.23,930.26,109.25,311.07,0.95,-1,-1,-1
124,2,475.44,930.06,147.88,320.10,0.94,-1,-1,-1
124,3,722.91,927.94,124.27,333.79,0.95,-1,-1,-1
124,4,377.13,933.64,119.61,292.90,0.94,-1,-1,-1
125,1,235.20,930.63,109.59,311.58,0.95,-1,-1,-1
125,2,477.32,931.25,147.93,321.15,0.94,-1,-1,-1
125,3,722.69,927.42,124.70,335.28,0.95,-1,-1,-1
125,4,376.53,933.37,119.21,293.09,0.94,-1,-1,-1
126,1,233.56,930.36,110.47,313.72,0.95,-1,-1,-1
126,2,480.36,932.49,148.60,322.28,0.94,-1,-1,-1
126,3,722.71,927.21,124.56,335.80,0.95,-1,-1,-1
126,4,374.02,932.85,119.65,293.93,0.94,-1,-1,-1
127,1,231.73,929.45,111.89,317.66,0.94,-1,-1,-1
127,2,481.87,932.16,149.49,323.46,0.95,-1,-1,-1
127,3,722.61,927.52,123.82,334.76,0.95,-1,-1,-1
127,4,370.00,932.25,120.81,295.80,0.93,-1,-1,-1
128,1,230.00,929.88,112.87,320.69,0.95,-1,-1,-1
128,2,482.59,933.99,149.88,323.46,0.94,-1,-1,-1
128,3,722.50,928.43,123.58,335.12,0.95,-1,-1,-1
128,4,366.96,931.62,122.33,298.85,0.94,-1,-1,-1
129,1,228.89,931.22,113.20,321.40,0.94,-1,-1,-1
129,2,482.69,935.47,150.30,324.20,0.95,-1,-1,-1
129,3,722.93,928.36,124.05,337.98,0.95,-1,-1,-1
129,4,365.73,932.55,123.49,301.95,0.94,-1,-1,-1
130,1,227.20,930.93,114.05,323.98,0.94,-1,-1,-1
130,2,482.30,936.01,150.85,325.23,0.95,-1,-1,-1
130,3,724.38,927.94,124.73,340.21,0.95,-1,-1,-1
130,4,365.04,932.91,124.42,304.66,0.94,-1,-1,-1
131,1,226.29,930.42,114.56,325.30,0.94,-1,-1,-1
131,2,483.50,936.98,151.87,327.16,0.94,-1,-1,-1
131,3,726.09,926.19,125.77,344.18,0.94,-1,-1,-1
131,4,365.64,933.43,124.68,306.04,0.94,-1,-1,-1
132,1,226.06,930.60,114.99,326.93,0.94,-1,-1,-1
132,2,485.34,934.97,153.56,330.22,0.95,-1,-1,-1
132,3,727.79,927.88,125.56,344.06,0.95,-1,-1,-1
132,4,366.04,933.62,124.88,307.29,0.94,-1,-1,-1
133,1,225.98,930.67,115.08,327.50,0.94,-1,-1,-1
133,2,485.95,934.18,154.33,331.34,0.95,-1,-1,-1
133,3,728.45,928.53,125.36,343.96,0.95,-1,-1,-1
133,4,366.50,933.68,124.76,307.72,0.94,-1,-1,-1
134,1,224.42,929.11,116.27,330.81,0.95,-1,-1,-1
134,2,487.69,931.90,157.05,335.26,0.95,-1,-1,-1
134,3,732.00,930.75,125.71,346.63,0.95,-1,-1,-1
134,4,367.85,934.09,125.17,309.80,0.94,-1,-1,-1
135,1,223.66,928.90,116.40,330.83,0.95,-1,-1,-1
135,2,489.38,930.24,158.71,336.70,0.95,-1,-1,-1
135,3,733.78,931.18,126.46,350.36,0.95,-1,-1,-1
135,4,369.40,932.67,125.62,312.12,0.94,-1,-1,-1
136,1,223.07,928.83,116.62,330.78,0.95,-1,-1,-1
136,2,490.57,928.43,160.90,339.15,0.95,-1,-1,-1
136,3,736.17,929.76,127.14,354.09,0.95,-1,-1,-1
136,4,371.22,931.72,125.71,313.34,0.94,-1,-1,-1
137,1,222.30,928.40,117.05,331.10,0.95,-1,-1,-1
137,2,492.07,926.17,163.27,341.60,0.95,-1,-1,-1
137,3,739.58,929.60,127.02,355.05,0.95,-1,-1,-1
137,4,373.34,930.97,126.02,314.93,0.94,-1,-1,-1
138,1,221.34,927.85,117.52,331.57,0.95,-1,-1,-1
138,2,493.17,924.94,165.57,343.66,0.95,-1,-1,-1
138,3,742.57,928.35,127.42,357.32,0.95,-1,-1,-1
138,4,375.35,929.50,126.09,315.88,0.94,-1,-1,-1
139,1,220.26,926.85,118.28,333.28,0.95,-1,-1,-1
139,2,494.41,924.88,167.85,344.76,0.95,-1,-1,-1
139,3,745.71,927.47,128.15,359.30,0.95,-1,-1,-1
139,4,376.55,927.77,126.39,317.37,0.94,-1,-1,-1
140,1,218.63,927.27,118.59,333.89,0.95,-1,-1,-1
140,2,495.91,925.28,169.67,344.73,0.95,-1,-1,-1
140,3,748.91,925.96,129.00,361.17,0.95,-1,-1,-1
140,4,377.66,927.12,126.70,318.67,0.94,-1,-1,-1
141,1,218.10,927.44,118.78,334.08,0.95,-1,-1,-1
141,2,495.84,925.45,171.32,344.65,0.95,-1,-1,-1
141,3,750.01,925.38,129.40,361.82,0.95,-1,-1,-1
141,4,378.05,926.49,126.83,319.50,0.94,-1,-1,-1
142,1,214.79,929.48,119.21,336.09,0.95,-1,-1,-1
142,2,498.35,925.93,174.05,348.11,0.94,-1,-1,-1
142,3,753.21,922.81,130.91,364.36,0.95,-1,-1,-1
142,4,379.99,927.46,126.41,318.58,0.95,-1,-1,-1
143,1,212.22,930.26,119.58,338.39,0.95,-1,-1,-1
143,2,505.74,928.49,174.28,350.16,0.92,-1,-1,-1
143,3,756.16,921.45,132.59,365.66,0.95,-1,-1,-1
143,4,380.90,928.63,126.62,319.76,0.95,-1,-1,-1
144,1,209.38,930.55,120.38,342.37,0.95,-1,-1,-1
144,2,513.19,928.29,173.22,352.06,0.93,-1,-1,-1
144,3,758.18,921.34,133.61,365.69,0.95,-1,-1,-1
144,4,381.20,929.48,127.12,321.36,0.95,-1,-1,-1
145,1,206.59,930.26,120.64,345.02,0.95,-1,-1,-1
145,2,507.20,929.40,174.12,353.12,0.94,-1,-1,-1
145,3,758.30,921.33,135.10,367.22,0.95,-1,-1,-1
145,4,380.14,929.81,128.03,324.28,0.95,-1,-1,-1
146,1,203.87,929.75,120.90,347.15,0.95,-1,-1,-1
146,2,504.73,930.61,175.03,354.25,0.95,-1,-1,-1
146,3,758.31,920.94,137.14,371.29,0.95,-1,-1,-1
146,4,378.65,930.33,128.51,326.53,0.95,-1,-1,-1
147,1,201.33,931.12,121.17,349.48,0.95,-1,-1,-1
147,2,502.96,931.86,175.69,355.41,0.95,-1,-1,-1
147,3,757.42,920.82,139.54,376.71,0.96,-1,-1,-1
147,4,377.17,931.31,128.51,327.34,0.95,-1,-1,-1
148,1,198.64,930.46,121.87,353.84,0.95,-1,-1,-1
148,2,501.56,931.53,177.29,358.95,0.95,-1,-1,-1
148,3,756.75,920.39,141.76,382.24,0.96,-1,-1,-1
148,4,375.40,932.87,128.51,327.99,0.95,-1,-1,-1
149,1,195.31,929.02,122.44,357.40,0.95,-1,-1,-1
149,2,499.94,931.79,178.21,361.41,0.95,-1,-1,-1
149,3,757.09,921.81,142.05,382.71,0.96,-1,-1,-1
149,4,373.18,932.66,128.84,329.76,0.95,-1,-1,-1
150,1,193.08,928.08,122.25,358.29,0.95,-1,-1,-1
150,2,499.73,930.31,179.05,364.65,0.95,-1,-1,-1
150,3,758.04,923.16,141.94,382.00,0.95,-1,-1,-1
150,4,371.29,932.97,129.08,331.56,0.95,-1,-1,-1
151,1,191.94,928.11,121.92,358.16,0.95,-1,-1,-1
151,2,499.47,928.56,178.87,366.21,0.94,-1,-1,-1
151,3,759.28,923.69,143.18,384.79,0.95,-1,-1,-1
151,4,369.36,931.89,129.25,333.38,0.95,-1,-1,-1
152,1,190.81,927.74,121.93,358.42,0.95,-1,-1,-1
152,2,498.95,926.31,179.20,369.09,0.94,-1,-1,-1
152,3,761.05,924.28,144.08,386.18,0.95,-1,-1,-1
152,4,367.75,930.29,129.51,335.21,0.95,-1,-1,-1
153,1,188.68,926.02,122.73,360.82,0.95,-1,-1,-1
153,2,497.01,924.68,178.82,370.91,0.94,-1,-1,-1
153,3,762.58,924.90,144.95,387.02,0.95,-1,-1,-1
153,4,364.32,927.71,129.78,337.81,0.95,-1,-1,-1
154,1,185.21,925.37,123.64,362.46,0.95,-1,-1,-1
154,2,497.38,924.85,177.20,370.74,0.93,-1,-1,-1
154,3,761.75,924.35,146.42,389.63,0.95,-1,-1,-1
154,4,360.43,927.52,129.59,338.75,0.95,-1,-1,-1
155,1,183.09,926.32,124.06,362.62,0.95,-1,-1,-1
155,2,496.01,924.54,176.24,371.78,0.94,-1,-1,-1
155,3,761.80,924.13,147.69,391.34,0.95,-1,-1,-1
155,4,356.52,925.49,130.10,341.81,0.95,-1,-1,-1
156,1,180.16,927.49,124.64,362.62,0.95,-1,-1,-1
156,2,494.17,924.05,175.34,373.29,0.94,-1,-1,-1
156,3,760.17,923.66,149.00,393.89,0.95,-1,-1,-1
156,4,352.55,925.52,130.24,343.70,0.95,-1,-1,-1
157,1,177.56,928.33,125.44,362.95,0.95,-1,-1,-1
157,2,493.57,924.66,173.82,373.02,0.95,-1,-1,-1
157,3,759.56,921.90,150.16,396.36,0.95,-1,-1,-1
157,4,349.96,925.55,130.20,344.36,0.95,-1,-1,-1
158,1,175.56,929.44,126.13,363.03,0.95,-1,-1,-1
158,2,492.46,925.31,172.85,373.24,0.95,-1,-1,-1
158,3,758.71,920.84,150.96,398.41,0.95,-1,-1,-1
158,4,347.55,926.37,130.00,344.54,0.95,-1,-1,-1
159,1,173.00,929.07,128.96,370.13,0.95,-1,-1,-1
159,2,491.57,924.77,173.85,377.23,0.95,-1,-1,-1
159,3,756.83,919.26,151.94,402.65,0.95,-1,-1,-1
159,4,346.23,926.30,130.09,345.74,0.95,-1,-1,-1
160,1,170.63,928.93,131.19,375.11,0.95,-1,-1,-1
160,2,492.43,926.55,174.63,379.87,0.95,-1,-1,-1
160,3,755.99,919.07,151.71,403.80,0.96,-1,-1,-1
160,4,345.65,927.07,130.42,347.71,0.95,-1,-1,-1
161,1,168.95,927.69,133.34,380.49,0.95,-1,-1,-1
161,2,494.13,927.23,176.34,383.96,0.95,-1,-1,-1
161,3,755.56,919.40,151.00,403.76,0.96,-1,-1,-1
161,4,344.82,927.37,131.51,352.35,0.95,-1,-1,-1
162,1,168.01,929.96,133.90,381.29,0.96,-1,-1,-1
162,2,495.54,929.85,177.25,386.24,0.94,-1,-1,-1
162,3,755.57,921.52,150.35,404.05,0.96,-1,-1,-1
162,4,344.19,929.06,131.87,354.85,0.95,-1,-1,-1
163,1,166.56,932.41,134.66,382.29,0.96,-1,-1,-1
163,2,495.93,931.63,178.09,388.61,0.94,-1,-1,-1
163,3,756.25,922.73,150.31,406.07,0.96,-1,-1,-1
163,4,343.81,929.71,132.41,357.30,0.95,-1,-1,-1
164,1,165.28,932.94,135.72,384.55,0.96,-1,-1,-1
164,2,495.85,932.30,178.66,391.01,0.94,-1,-1,-1
164,3,757.81,923.98,150.83,409.13,0.95,-1,-1,-1
164,4,344.57,930.74,132.88,358.96,0.94,-1,-1,-1
165,1,164.04,930.37,137.55,389.66,0.96,-1,-1,-1
165,2,496.17,932.93,178.75,392.25,0.94,-1,-1,-1
165,3,760.93,924.84,152.25,413.78,0.96,-1,-1,-1
165,4,346.36,931.52,134.08,361.48,0.94,-1,-1,-1
166,1,163.63,929.38,138.23,391.53,0.96,-1,-1,-1
166,2,496.35,933.55,178.64,393.03,0.94,-1,-1,-1
166,3,762.18,925.17,152.61,415.47,0.96,-1,-1,-1
166,4,347.21,931.81,134.66,362.37,0.94,-1,-1,-1
167,1,162.41,930.18,138.92,392.54,0.96,-1,-1,-1
167,2,499.50,934.15,180.52,396.02,0.95,-1,-1,-1
167,3,766.21,928.04,152.68,415.64,0.95,-1,-1,-1
167,4,349.18,931.51,137.55,366.97,0.94,-1,-1,-1
168,1,161.47,930.48,139.45,392.84,0.96,-1,-1,-1
168,2,500.82,931.61,183.11,400.63,0.96,-1,-1,-1
168,3,767.19,930.70,152.95,417.20,0.96,-1,-1,-1
168,4,350.97,932.18,138.95,367.87,0.95,-1,-1,-1
169,1,159.92,929.41,140.36,394.84,0.95,-1,-1,-1
169,2,501.84,929.06,185.75,404.66,0.95,-1,-1,-1
169,3,768.58,932.08,153.28,420.48,0.95,-1,-1,-1
169,4,353.04,930.84,141.06,370.49,0.95,-1,-1,-1
170,1,158.93,929.79,140.99,396.31,0.96,-1,-1,-1
170,2,503.72,928.47,187.85,406.52,0.96,-1,-1,-1
170,3,771.88,932.58,153.29,423.24,0.95,-1,-1,-1
170,4,354.52,930.72,142.41,371.02,0.95,-1,-1,-1
171,1,157.93,930.72,141.17,396.79,0.96,-1,-1,-1
171,2,504.91,928.24,190.39,408.71,0.96,-1,-1,-1
171,3,775.03,931.95,153.35,425.78,0.95,-1,-1,-1
171,4,353.05,931.07,143.02,372.32,0.95,-1,-1,-1
172,1,155.34,927.53,142.19,400.45,0.96,-1,-1,-1
172,2,504.79,927.77,192.60,409.84,0.96,-1,-1,-1
172,3,778.22,931.28,153.23,427.07,0.96,-1,-1,-1
172,4,350.67,930.80,142.90,373.14,0.96,-1,-1,-1
173,1,153.58,931.04,141.66,400.20,0.96,-1,-1,-1
173,2,504.30,927.60,195.03,411.77,0.95,-1,-1,-1
173,3,781.66,930.61,153.33,428.66,0.96,-1,-1,-1
173,4,350.10,931.48,142.55,373.39,0.96,-1,-1,-1
174,1,153.08,932.38,141.20,400.02,0.96,-1,-1,-1
174,2,503.87,927.14,196.53,412.02,0.95,-1,-1,-1
174,3,783.03,930.34,153.10,429.18,0.96,-1,-1,-1
174,4,350.01,931.74,142.15,373.41,0.96,-1,-1,-1
175,1,149.13,933.68,143.11,407.79,0.95,-1,-1,-1
175,2,504.99,928.16,198.58,413.22,0.92,-1,-1,-1
175,3,787.24,928.65,154.17,431.68,0.96,-1,-1,-1
175,4,350.72,933.02,142.49,374.55,0.96,-1,-1,-1
176,1,146.49,934.55,144.00,412.63,0.96,-1,-1,-1
176,2,504.71,928.95,201.08,415.57,0.95,-1,-1,-1
176,3,790.56,927.20,155.71,434.92,0.96,-1,-1,-1
176,4,350.93,933.89,143.51,377.69,0.95,-1,-1,-1
177,1,144.04,935.65,144.03,414.40,0.96,-1,-1,-1
177,2,504.73,931.61,203.25,417.97,0.95,-1,-1,-1
177,3,794.40,926.65,157.28,436.87,0.96,-1,-1,-1
177,4,350.90,935.00,144.90,382.77,0.95,-1,-1,-1
178,1,141.25,938.02,143.93,416.16,0.96,-1,-1,-1
178,2,503.21,932.23,207.05,423.93,0.96,-1,-1,-1
178,3,797.44,926.84,159.28,440.29,0.96,-1,-1,-1
178,4,349.36,935.80,146.12,387.39,0.95,-1,-1,-1
179,1,138.74,941.27,143.96,418.31,0.96,-1,-1,-1
179,2,502.12,933.63,209.04,426.52,0.96,-1,-1,-1
179,3,800.96,926.92,162.18,444.66,0.96,-1,-1,-1
179,4,348.02,937.66,145.32,385.95,0.95,-1,-1,-1
180,1,136.08,941.30,144.55,422.59,0.96,-1,-1,-1
180,2,502.49,934.55,211.30,430.17,0.96,-1,-1,-1
180,3,802.83,927.73,165.18,450.18,0.96,-1,-1,-1
180,4,345.76,938.75,145.34,386.48,0.95,-1,-1,-1
181,1,133.19,940.88,145.11,426.09,0.96,-1,-1,-1
181,2,503.78,936.46,211.74,430.68,0.96,-1,-1,-1
181,3,804.08,928.44,168.17,456.51,0.96,-1,-1,-1
181,4,343.37,939.14,146.84,390.57,0.95,-1,-1,-1
182,1,130.03,941.08,145.06,427.73,0.96,-1,-1,-1
182,2,504.38,939.53,211.82,430.78,0.96,-1,-1,-1
182,3,805.38,930.67,169.02,456.87,0.96,-1,-1,-1
182,4,340.82,940.45,148.37,394.81,0.95,-1,-1,-1
183,1,127.05,937.20,146.19,432.98,0.95,-1,-1,-1
183,2,503.14,940.67,214.51,437.04,0.96,-1,-1,-1
183,3,807.18,933.09,169.67,456.89,0.96,-1,-1,-1
183,4,338.65,940.13,149.82,398.71,0.95,-1,-1,-1
184,1,123.66,932.56,147.54,438.81,0.95,-1,-1,-1
184,2,502.59,941.86,214.83,438.55,0.96,-1,-1,-1
184,3,808.53,935.19,170.72,458.76,0.96,-1,-1,-1
184,4,336.47,941.56,149.96,399.33,0.95,-1,-1,-1
185,1,121.42,931.18,148.31,442.11,0.95,-1,-1,-1
185,2,501.36,941.49,215.74,441.39,0.95,-1,-1,-1
185,3,808.50,936.75,172.78,464.10,0.96,-1,-1,-1
185,4,334.07,941.30,150.44,401.05,0.95,-1,-1,-1
186,1,119.09,930.26,148.85,443.65,0.95,-1,-1,-1
186,2,514.97,940.14,212.27,443.57,0.93,-1,-1,-1
186,3,809.14,937.71,174.44,468.79,0.96,-1,-1,-1
186,4,334.11,941.56,149.98,401.23,0.95,-1,-1,-1
187,1,116.54,929.93,149.31,444.13,0.96,-1,-1,-1
187,2,505.83,939.20,212.76,446.27,0.94,-1,-1,-1
187,3,810.00,938.05,175.24,471.27,0.96,-1,-1,-1
187,4,333.43,940.46,150.07,403.19,0.95,-1,-1,-1
188,1,114.65,931.79,149.73,443.80,0.96,-1,-1,-1
188,2,503.66,938.82,212.00,447.21,0.95,-1,-1,-1
188,3,811.15,937.75,176.07,474.07,0.96,-1,-1,-1
188,4,332.39,940.42,150.15,404.26,0.95,-1,-1,-1
189,1,112.19,931.33,151.35,447.12,0.96,-1,-1,-1
189,2,502.30,938.66,210.94,447.47,0.96,-1,-1,-1
189,3,812.31,937.22,176.36,475.42,0.95,-1,-1,-1
189,4,332.17,939.60,150.30,405.38,0.95,-1,-1,-1
190,1,109.79,931.95,153.49,452.23,0.96,-1,-1,-1
190,2,500.52,938.19,210.67,449.46,0.96,-1,-1,-1
190,3,814.39,936.21,177.75,478.19,0.94,-1,-1,-1
190,4,333.18,939.28,150.20,406.53,0.96,-1,-1,-1
191,1,108.37,934.55,155.05,454.87,0.96,-1,-1,-1
191,2,500.11,936.82,210.23,451.32,0.95,-1,-1,-1
191,3,816.17,933.83,179.28,481.11,0.94,-1,-1,-1
191,4,333.48,938.75,150.78,408.87,0.96,-1,-1,-1
192,1,106.81,937.91,156.05,454.99,0.96,-1,-1,-1
192,2,499.82,936.29,209.16,451.95,0.96,-1,-1,-1
192,3,815.40,930.95,180.24,484.09,0.93,-1,-1,-1
192,4,333.71,939.34,151.61,411.27,0.96,-1,-1,-1
193,1,105.25,940.76,158.52,459.66,0.96,-1,-1,-1
193,2,500.51,936.88,208.94,453.69,0.95,-1,-1,-1
193,3,814.35,929.46,180.40,486.30,0.94,-1,-1,-1
193,4,332.68,939.95,153.81,416.45,0.96,-1,-1,-1
194,1,104.38,941.83,161.06,464.49,0.96,-1,-1,-1
194,2,502.16,937.90,210.44,459.01,0.95,-1,-1,-1
194,3,812.19,928.51,179.88,488.23,0.95,-1,-1,-1
194,4,331.79,941.36,156.03,421.11,0.96,-1,-1,-1
195,1,102.89,942.99,163.08,467.80,0.96,-1,-1,-1
195,2,504.96,938.28,212.37,464.11,0.95,-1,-1,-1
195,3,811.79,929.34,178.73,487.67,0.95,-1,-1,-1
195,4,331.60,941.89,157.79,424.37,0.95,-1,-1,-1
196,1,100.95,942.62,165.36,472.10,0.95,-1,-1,-1
196,2,507.20,939.20,214.08,468.33,0.95,-1,-1,-1
196,3,812.00,928.88,179.85,492.89,0.95,-1,-1,-1
196,4,330.58,942.08,159.20,426.32,0.95,-1,-1,-1
197,1,98.85,940.88,167.29,475.99,0.96,-1,-1,-1
197,2,508.33,939.55,215.72,472.20,0.95,-1,-1,-1
197,3,812.76,928.72,181.97,499.50,0.95,-1,-1,-1
197,4,329.49,943.71,160.37,427.75,0.95,-1,-1,-1
198,1,96.93,939.41,168.73,478.94,0.96,-1,-1,-1
198,2,506.89,941.64,216.69,475.54,0.95,-1,-1,-1
198,3,815.34,930.24,183.64,502.71,0.95,-1,-1,-1
198,4,327.97,943.14,162.64,433.32,0.95,-1,-1,-1
199,1,96.21,939.22,169.34,479.55,0.96,-1,-1,-1
199,2,506.57,942.03,216.93,477.11,0.95,-1,-1,-1
199,3,816.12,930.83,184.61,503.82,0.95,-1,-1,-1
199,4,327.37,942.91,163.57,435.36,0.95,-1,-1,-1
200,1,91.54,932.84,171.63,485.96,0.96,-1,-1,-1
200,2,504.93,942.95,217.64,479.96,0.95,-1,-1,-1
200,3,822.16,931.85,186.78,506.50,0.95,-1,-1,-1
200,4,327.40,939.27,164.20,438.00,0.95,-1,-1,-1
201,1,88.43,930.03,172.25,487.90,0.96,-1,-1,-1
201,2,503.53,942.50,219.22,484.87,0.96,-1,-1,-1
201,3,826.45,933.42,189.04,509.38,0.95,-1,-1,-1
201,4,327.09,937.48,164.70,440.09,0.96,-1,-1,-1
202,1,84.39,930.54,171.85,487.74,0.96,-1,-1,-1
202,2,502.60,940.74,220.78,489.00,0.96,-1,-1,-1
202,3,827.96,935.19,190.77,512.34,0.95,-1,-1,-1
202,4,325.99,934.83,164.92,441.97,0.96,-1,-1,-1
203,1,80.50,928.40,171.83,489.92,0.96,-1,-1,-1
203,2,502.54,937.70,222.54,492.04,0.96,-1,-1,-1
203,3,829.00,935.07,191.92,516.51,0.95,-1,-1,-1
203,4,324.97,931.08,165.42,445.34,0.96,-1,-1,-1
204,1,77.89,928.00,171.04,489.46,0.96,-1,-1,-1
204,2,503.36,934.96,224.45,494.66,0.96,-1,-1,-1
204,3,830.46,934.62,193.20,523.89,0.95,-1,-1,-1
204,4,325.36,930.07,164.86,445.36,0.96,-1,-1,-1
205,1,74.54,927.49,171.51,493.53,0.96,-1,-1,-1
205,2,503.93,932.74,226.60,496.72,0.96,-1,-1,-1
205,3,831.96,933.65,193.22,527.38,0.95,-1,-1,-1
205,4,325.38,929.32,164.53,444.87,0.96,-1,-1,-1
206,1,70.75,927.32,173.33,502.07,0.95,-1,-1,-1
206,2,504.29,929.15,229.66,499.36,0.96,-1,-1,-1
206,3,836.85,931.70,192.30,529.37,0.95,-1,-1,-1
206,4,324.94,928.68,164.53,444.99,0.96,-1,-1,-1
207,1,68.01,926.89,174.92,510.32,0.95,-1,-1,-1
207,2,504.34,927.03,233.33,501.05,0.95,-1,-1,-1
207,3,843.42,931.34,191.03,529.61,0.95,-1,-1,-1
207,4,324.53,927.68,165.43,448.12,0.96,-1,-1,-1
208,1,65.65,927.52,175.37,514.93,0.96,-1,-1,-1
208,2,503.96,924.68,237.81,503.95,0.95,-1,-1,-1
208,3,849.17,929.63,190.96,531.15,0.96,-1,-1,-1
208,4,322.95,927.33,167.06,454.76,0.96,-1,-1,-1
209,1,62.69,928.58,175.37,517.35,0.96,-1,-1,-1
209,2,504.67,923.82,241.50,504.94,0.95,-1,-1,-1
209,3,854.11,927.41,191.51,533.21,0.96,-1,-1,-1
209,4,321.58,927.62,168.05,460.74,0.96,-1,-1,-1
210,1,57.99,927.04,176.58,524.02,0.96,-1,-1,-1
210,2,506.70,922.36,244.81,505.61,0.95,-1,-1,-1
210,3,860.33,925.40,192.28,534.28,0.96,-1,-1,-1
210,4,320.32,926.19,168.37,465.29,0.96,-1,-1,-1
211,1,53.13,924.89,178.40,532.70,0.96,-1,-1,-1
211,2,507.48,922.64,248.55,508.14,0.96,-1,-1,-1
211,3,866.05,919.52,194.29,538.13,0.96,-1,-1,-1
211,4,317.18,925.67,168.32,466.93,0.96,-1,-1,-1
