0,1,60.15,948.00,166.20,576.00,0.96,-1,-1,-1
0,2,832.80,954.00,194.40,559.20,0.96,-1,-1,-1
0,3,340.20,957.60,178.80,522.00,0.96,-1,-1,-1
0,4,585.00,954.00,175.20,548.40,0.96,-1,-1,-1
1,1,59.88,949.04,166.22,576.00,0.96,-1,-1,-1
1,2,833.07,954.52,193.87,557.64,0.96,-1,-1,-1
1,3,340.11,957.60,179.50,524.08,0.96,-1,-1,-1
1,4,584.84,952.96,175.53,549.44,0.96,-1,-1,-1
2,1,63.82,949.22,165.67,574.13,0.96,-1,-1,-1
2,2,829.71,953.67,190.28,547.07,0.96,-1,-1,-1
2,3,343.12,957.13,176.84,516.50,0.95,-1,-1,-1
2,4,583.95,954.18,174.50,546.35,0.96,-1,-1,-1
3,1,69.25,947.42,165.03,571.71,0.95,-1,-1,-1
3,2,826.10,953.40,186.88,536.40,0.96,-1,-1,-1
3,3,346.21,957.45,173.54,507.16,0.96,-1,-1,-1
3,4,582.07,955.05,172.78,541.22,0.96,-1,-1,-1
4,1,76.20,945.06,163.43,565.65,0.95,-1,-1,-1
4,2,823.56,952.43,186.22,532.46,0.96,-1,-1,-1
4,3,347.76,955.77,172.61,505.30,0.96,-1,-1,-1
4,4,579.46,954.41,171.87,538.77,0.96,-1,-1,-1
5,1,84.88,944.73,158.95,548.58,0.96,-1,-1,-1
5,2,821.54,951.26,186.98,531.50,0.96,-1,-1,-1
5,3,349.45,955.22,172.01,504.92,0.96,-1,-1,-1
5,4,576.35,951.58,171.90,539.82,0.96,-1,-1,-1
6,1,91.90,943.82,156.82,538.60,0.96,-1,-1,-1
6,2,818.16,949.62,188.68,532.71,0.96,-1,-1,-1
6,3,350.07,954.64,171.62,505.41,0.96,-1,-1,-1
6,4,572.21,948.92,171.48,539.44,0.96,-1,-1,-1
7,1,97.23,943.13,156.64,534.18,0.95,-1,-1,-1
7,2,815.48,948.65,190.00,532.93,0.96,-1,-1,-1
7,3,351.24,954.87,170.73,504.48,0.96,-1,-1,-1
7,4,569.37,948.83,170.12,536.07,0.96,-1,-1,-1
8,1,101.17,942.51,157.50,532.50,0.96,-1,-1,-1
8,2,813.04,948.76,191.21,532.75,0.96,-1,-1,-1
8,3,352.77,955.38,169.74,503.03,0.96,-1,-1,-1
8,4,567.13,949.66,169.00,532.45,0.96,-1,-1,-1
9,1,103.90,942.32,158.86,531.35,0.96,-1,-1,-1
9,2,811.10,949.64,191.53,530.37,0.96,-1,-1,-1
9,3,353.94,956.40,168.91,501.79,0.96,-1,-1,-1
9,4,566.33,950.81,166.37,522.24,0.96,-1,-1,-1
10,1,105.25,942.69,160.64,530.75,0.96,-1,-1,-1
10,2,808.09,951.62,191.59,527.98,0.96,-1,-1,-1
10,3,354.21,957.60,168.43,501.42,0.96,-1,-1,-1
10,4,565.41,951.26,164.46,512.87,0.96,-1,-1,-1
11,1,106.24,944.07,162.16,528.71,0.95,-1,-1,-1
11,2,806.06,954.79,191.24,524.77,0.96,-1,-1,-1
11,3,354.53,959.25,167.33,499.35,0.96,-1,-1,-1
11,4,564.82,952.25,163.88,506.34,0.96,-1,-1,-1
12,1,106.54,945.41,163.91,526.53,0.95,-1,-1,-1
12,2,802.46,956.78,191.35,522.88,0.96,-1,-1,-1
12,3,353.66,959.86,166.42,497.85,0.96,-1,-1,-1
12,4,563.05,951.40,165.17,505.34,0.96,-1,-1,-1
13,1,106.64,947.12,165.88,524.67,0.94,-1,-1,-1
13,2,799.23,959.51,190.59,519.47,0.96,-1,-1,-1
13,3,353.05,960.87,165.41,495.76,0.95,-1,-1,-1
13,4,561.44,951.09,166.94,505.96,0.96,-1,-1,-1
14,1,106.70,948.56,167.70,521.72,0.92,-1,-1,-1
14,2,796.11,960.50,189.53,515.90,0.96,-1,-1,-1
14,3,352.60,961.64,164.25,493.05,0.95,-1,-1,-1
14,4,560.05,950.98,168.54,506.33,0.96,-1,-1,-1
15,1,107.11,949.89,169.35,518.36,0.95,-1,-1,-1
15,2,792.43,960.84,187.97,511.46,0.96,-1,-1,-1
15,3,350.65,961.50,163.35,490.91,0.95,-1,-1,-1
15,4,558.84,951.75,169.88,505.81,0.96,-1,-1,-1
16,1,107.60,951.18,170.62,514.04,0.95,-1,-1,-1
16,2,789.33,961.33,186.25,507.12,0.96,-1,-1,-1
16,3,349.56,960.24,162.15,488.19,0.95,-1,-1,-1
16,4,558.30,952.44,170.69,504.53,0.96,-1,-1,-1
17,1,106.77,951.24,172.93,513.78,0.95,-1,-1,-1
17,2,788.13,961.08,185.98,506.82,0.96,-1,-1,-1
17,3,349.23,959.75,161.57,487.25,0.95,-1,-1,-1
17,4,557.81,952.70,171.71,504.15,0.96,-1,-1,-1
18,1,109.86,951.64,174.26,511.81,0.96,-1,-1,-1
18,2,786.28,959.77,184.11,502.43,0.96,-1,-1,-1
18,3,349.12,958.36,159.75,482.59,0.95,-1,-1,-1
18,4,558.83,954.39,171.37,500.91,0.96,-1,-1,-1
19,1,113.23,951.77,174.25,507.20,0.96,-1,-1,-1
19,2,785.20,958.45,182.83,500.10,0.95,-1,-1,-1
19,3,350.65,957.84,157.57,474.52,0.95,-1,-1,-1
19,4,559.00,957.01,171.19,498.59,0.96,-1,-1,-1
20,1,116.22,950.20,173.82,501.60,0.96,-1,-1,-1
20,2,785.00,957.15,179.77,491.34,0.95,-1,-1,-1
20,3,352.99,957.64,155.66,465.18,0.96,-1,-1,-1
20,4,559.04,959.18,170.44,495.02,0.96,-1,-1,-1
21,1,120.56,949.20,170.87,488.82,0.96,-1,-1,-1
21,2,786.03,955.04,176.66,483.38,0.95,-1,-1,-1
21,3,354.64,957.58,155.43,459.42,0.96,-1,-1,-1
21,4,559.13,960.37,169.08,490.18,0.96,-1,-1,-1
22,1,124.50,949.22,168.88,482.20,0.96,-1,-1,-1
22,2,785.77,954.27,173.78,477.36,0.95,-1,-1,-1
22,3,354.90,957.56,156.47,457.45,0.96,-1,-1,-1
22,4,559.86,960.38,168.06,486.48,0.96,-1,-1,-1
23,1,127.82,949.22,167.37,479.95,0.96,-1,-1,-1
23,2,786.42,953.99,172.21,476.10,0.95,-1,-1,-1
23,3,354.88,956.75,158.27,457.66,0.96,-1,-1,-1
23,4,559.89,959.16,168.21,486.40,0.96,-1,-1,-1
24,1,129.59,948.42,165.78,480.10,0.96,-1,-1,-1
24,2,786.97,953.90,170.39,474.99,0.95,-1,-1,-1
24,3,354.65,957.25,159.79,456.28,0.96,-1,-1,-1
24,4,560.56,957.88,167.21,484.09,0.96,-1,-1,-1
25,1,130.56,948.12,164.36,480.32,0.96,-1,-1,-1
25,2,787.60,953.87,169.01,474.73,0.95,-1,-1,-1
25,3,354.00,957.45,161.46,455.89,0.96,-1,-1,-1
25,4,560.87,957.38,166.76,483.32,0.96,-1,-1,-1
26,1,132.49,949.61,161.15,476.56,0.95,-1,-1,-1
26,2,788.34,954.28,166.82,473.57,0.95,-1,-1,-1
26,3,353.54,958.32,162.50,454.26,0.96,-1,-1,-1
26,4,563.52,956.79,163.95,476.35,0.95,-1,-1,-1
27,1,134.83,951.37,158.49,474.89,0.95,-1,-1,-1
27,2,788.52,954.83,164.73,472.06,0.95,-1,-1,-1
27,3,353.38,959.05,163.25,452.56,0.96,-1,-1,-1
27,4,565.56,955.76,161.45,469.83,0.96,-1,-1,-1
28,1,137.64,952.42,155.88,473.20,0.95,-1,-1,-1
28,2,787.16,955.45,162.92,471.21,0.95,-1,-1,-1
28,3,353.50,960.52,163.55,450.03,0.96,-1,-1,-1
28,4,566.79,955.77,158.78,462.31,0.96,-1,-1,-1
29,1,141.18,954.00,153.17,470.70,0.95,-1,-1,-1
29,2,784.93,956.48,161.02,470.21,0.95,-1,-1,-1
29,3,353.62,961.46,163.88,448.78,0.96,-1,-1,-1
29,4,566.98,955.38,157.54,458.45,0.96,-1,-1,-1
30,1,144.48,955.77,150.65,467.89,0.95,-1,-1,-1
30,2,782.28,958.06,159.28,468.73,0.95,-1,-1,-1
30,3,354.06,963.80,163.22,444.82,0.96,-1,-1,-1
30,4,566.38,955.23,156.84,456.36,0.96,-1,-1,-1
31,1,148.27,958.41,147.64,463.37,0.95,-1,-1,-1
31,2,780.59,959.44,156.96,465.88,0.95,-1,-1,-1
31,3,353.73,963.86,163.13,443.43,0.96,-1,-1,-1
31,4,564.70,955.18,156.48,455.73,0.96,-1,-1,-1
32,1,152.00,958.17,145.35,460.60,0.95,-1,-1,-1
32,2,779.30,961.15,154.37,461.31,0.95,-1,-1,-1
32,3,354.14,964.26,162.82,441.81,0.96,-1,-1,-1
32,4,562.90,955.17,156.13,455.63,0.96,-1,-1,-1
33,1,156.58,959.64,142.56,455.69,0.95,-1,-1,-1
33,2,776.37,962.57,152.07,456.50,0.94,-1,-1,-1
33,3,354.65,964.39,161.97,439.70,0.96,-1,-1,-1
33,4,561.17,955.17,155.75,455.71,0.96,-1,-1,-1
34,1,160.69,958.56,141.16,454.79,0.95,-1,-1,-1
34,2,772.49,962.27,151.35,455.61,0.94,-1,-1,-1
34,3,355.11,964.02,161.11,437.80,0.96,-1,-1,-1
34,4,560.47,955.57,154.97,454.66,0.96,-1,-1,-1
35,1,164.81,956.93,140.08,454.18,0.95,-1,-1,-1
35,2,767.98,961.74,150.21,452.59,0.95,-1,-1,-1
35,3,354.93,962.27,159.89,435.59,0.96,-1,-1,-1
35,4,559.15,956.51,153.68,451.97,0.96,-1,-1,-1
36,1,169.97,956.30,137.05,446.08,0.95,-1,-1,-1
36,2,763.39,961.12,149.40,450.37,0.95,-1,-1,-1
36,3,355.87,961.20,157.41,430.46,0.96,-1,-1,-1
36,4,558.20,956.47,152.76,450.66,0.96,-1,-1,-1
37,1,174.93,955.24,134.06,436.75,0.95,-1,-1,-1
37,2,761.10,960.48,147.28,443.66,0.95,-1,-1,-1
37,3,357.94,960.80,153.42,421.43,0.95,-1,-1,-1
37,4,557.54,957.25,151.31,447.86,0.96,-1,-1,-1
38,1,179.03,953.63,133.15,433.03,0.95,-1,-1,-1
38,2,758.15,959.02,145.32,436.84,0.96,-1,-1,-1
38,3,359.61,960.24,150.96,416.97,0.95,-1,-1,-1
38,4,557.12,957.94,149.60,444.11,0.96,-1,-1,-1
39,1,181.88,952.24,133.44,432.61,0.95,-1,-1,-1
39,2,755.87,957.27,144.79,433.24,0.96,-1,-1,-1
39,3,361.17,958.84,148.96,415.05,0.95,-1,-1,-1
39,4,556.53,959.38,148.31,441.61,0.95,-1,-1,-1
40,1,183.39,951.73,133.82,431.00,0.95,-1,-1,-1
40,2,753.41,956.22,145.69,432.44,0.96,-1,-1,-1
40,3,361.55,958.72,147.41,414.86,0.95,-1,-1,-1
40,4,554.46,959.12,147.42,440.77,0.95,-1,-1,-1
41,1,183.95,951.55,135.07,431.35,0.95,-1,-1,-1
41,2,751.59,955.04,147.25,433.07,0.95,-1,-1,-1
41,3,362.17,958.69,145.86,414.92,0.95,-1,-1,-1
41,4,553.13,957.01,146.88,441.74,0.95,-1,-1,-1
42,1,183.79,951.49,136.17,431.60,0.95,-1,-1,-1
42,2,750.65,954.61,148.59,433.43,0.95,-1,-1,-1
42,3,362.80,958.69,144.49,415.05,0.95,-1,-1,-1
42,4,552.90,956.21,146.25,442.19,0.95,-1,-1,-1
43,1,184.07,953.07,136.99,430.21,0.95,-1,-1,-1
43,2,749.21,955.66,149.88,431.67,0.95,-1,-1,-1
43,3,363.09,960.29,142.66,413.60,0.95,-1,-1,-1
43,4,551.35,954.32,145.06,440.84,0.95,-1,-1,-1
44,1,183.95,954.47,137.57,428.19,0.95,-1,-1,-1
44,2,748.03,957.27,151.03,429.12,0.95,-1,-1,-1
44,3,363.72,962.09,140.95,411.95,0.95,-1,-1,-1
44,4,550.37,954.01,142.33,433.63,0.95,-1,-1,-1
45,1,184.17,955.79,138.40,426.73,0.95,-1,-1,-1
45,2,747.19,958.28,152.44,427.05,0.95,-1,-1,-1
45,3,364.39,963.17,139.04,409.42,0.95,-1,-1,-1
45,4,549.84,953.91,140.12,426.99,0.95,-1,-1,-1
46,1,184.61,957.88,138.85,423.89,0.95,-1,-1,-1
46,2,746.10,959.85,153.89,425.97,0.95,-1,-1,-1
46,3,364.34,964.36,137.33,406.96,0.95,-1,-1,-1
46,4,548.82,954.28,138.65,421.81,0.95,-1,-1,-1
47,1,184.79,959.45,139.46,422.11,0.95,-1,-1,-1
47,2,745.62,961.63,154.71,423.67,0.95,-1,-1,-1
47,3,363.86,965.59,136.03,405.32,0.95,-1,-1,-1
47,4,547.97,954.83,138.37,420.40,0.95,-1,-1,-1
48,1,185.00,960.41,139.97,420.34,0.95,-1,-1,-1
48,2,744.51,963.08,155.42,421.29,0.95,-1,-1,-1
48,3,362.28,966.43,134.78,403.60,0.95,-1,-1,-1
48,4,547.07,955.84,137.95,418.38,0.95,-1,-1,-1
49,1,185.54,961.55,140.11,418.17,0.95,-1,-1,-1
49,2,743.50,964.01,156.20,420.09,0.95,-1,-1,-1
49,3,359.75,967.12,133.80,401.84,0.95,-1,-1,-1
49,4,545.16,956.22,138.24,417.74,0.95,-1,-1,-1
50,1,185.31,961.95,140.64,417.45,0.95,-1,-1,-1
50,2,743.02,964.73,156.79,418.53,0.95,-1,-1,-1
50,3,358.92,967.36,133.26,401.26,0.95,-1,-1,-1
50,4,544.35,956.36,138.66,417.61,0.95,-1,-1,-1
51,1,185.99,960.08,140.21,415.27,0.95,-1,-1,-1
51,2,741.49,965.78,155.83,414.84,0.95,-1,-1,-1
51,3,356.33,967.43,132.11,398.73,0.96,-1,-1,-1
51,4,542.77,957.61,138.89,415.66,0.95,-1,-1,-1
52,1,188.45,959.75,137.33,405.36,0.95,-1,-1,-1
52,2,740.24,965.74,154.52,411.54,0.95,-1,-1,-1
52,3,354.58,965.44,131.70,398.26,0.96,-1,-1,-1
52,4,540.50,957.67,139.64,415.42,0.95,-1,-1,-1
53,1,190.52,959.21,135.17,398.11,0.95,-1,-1,-1
53,2,740.97,966.11,152.55,407.60,0.94,-1,-1,-1
53,3,354.33,964.68,130.03,393.37,0.96,-1,-1,-1
53,4,539.30,959.28,139.93,413.81,0.95,-1,-1,-1
54,1,191.98,958.60,133.61,394.35,0.95,-1,-1,-1
54,2,741.16,965.42,149.68,400.62,0.94,-1,-1,-1
54,3,354.45,963.59,127.88,386.01,0.96,-1,-1,-1
54,4,537.94,960.68,140.19,412.49,0.95,-1,-1,-1
55,1,194.37,958.36,132.26,392.29,0.95,-1,-1,-1
55,2,741.55,964.74,147.27,395.32,0.95,-1,-1,-1
55,3,354.89,963.58,126.79,381.35,0.96,-1,-1,-1
55,4,536.94,961.18,140.17,411.27,0.95,-1,-1,-1
56,1,196.08,959.08,130.62,390.06,0.95,-1,-1,-1
56,2,741.61,963.27,145.84,393.07,0.95,-1,-1,-1
56,3,355.56,962.78,127.06,380.54,0.96,-1,-1,-1
56,4,536.23,961.75,139.55,408.90,0.95,-1,-1,-1
57,1,197.29,958.94,129.59,389.76,0.95,-1,-1,-1
57,2,741.01,962.31,145.06,392.77,0.95,-1,-1,-1
57,3,356.62,962.48,127.60,379.55,0.95,-1,-1,-1
57,4,535.61,961.55,138.93,406.88,0.95,-1,-1,-1
58,1,198.27,960.48,128.17,388.17,0.95,-1,-1,-1
58,2,741.02,961.16,144.37,393.57,0.95,-1,-1,-1
58,3,357.74,963.17,128.41,378.48,0.95,-1,-1,-1
58,4,535.23,961.06,138.09,405.00,0.95,-1,-1,-1
59,1,199.64,961.05,127.04,387.69,0.95,-1,-1,-1
59,2,741.55,961.13,143.16,393.58,0.95,-1,-1,-1
59,3,358.94,963.84,129.19,376.98,0.95,-1,-1,-1
59,4,534.78,960.86,137.49,404.37,0.95,-1,-1,-1
60,1,201.78,962.05,125.69,386.81,0.95,-1,-1,-1
60,2,742.27,961.92,141.73,392.87,0.95,-1,-1,-1
60,3,360.47,965.29,130.14,376.11,0.96,-1,-1,-1
60,4,534.41,960.37,135.97,401.42,0.95,-1,-1,-1
61,1,203.61,962.41,124.55,386.58,0.95,-1,-1,-1
61,2,743.76,964.61,139.63,390.30,0.95,-1,-1,-1
61,3,360.93,966.22,131.11,375.47,0.96,-1,-1,-1
61,4,534.57,960.58,133.90,396.79,0.95,-1,-1,-1
62,1,205.97,962.93,123.29,385.38,0.95,-1,-1,-1
62,2,744.08,966.42,137.78,388.62,0.95,-1,-1,-1
62,3,361.44,967.76,131.61,373.32,0.96,-1,-1,-1
62,4,535.20,959.45,131.47,390.73,0.95,-1,-1,-1
63,1,208.67,964.31,121.78,383.01,0.95,-1,-1,-1
63,2,743.98,967.88,135.99,387.27,0.95,-1,-1,-1
63,3,361.87,968.73,132.47,372.19,0.95,-1,-1,-1
63,4,535.45,959.02,130.02,386.97,0.95,-1,-1,-1
64,1,210.74,965.20,120.73,381.81,0.95,-1,-1,-1
64,2,743.68,969.61,134.29,385.65,0.95,-1,-1,-1
64,3,361.48,969.87,133.48,371.84,0.96,-1,-1,-1
64,4,534.99,958.86,129.08,384.07,0.95,-1,-1,-1
65,1,214.24,965.12,119.66,380.24,0.95,-1,-1,-1
65,2,743.06,972.23,131.54,380.73,0.95,-1,-1,-1
65,3,361.62,969.88,134.07,370.59,0.96,-1,-1,-1
65,4,533.34,958.41,129.15,384.30,0.95,-1,-1,-1
66,1,217.01,963.87,119.03,380.12,0.95,-1,-1,-1
66,2,742.37,972.78,129.88,378.56,0.95,-1,-1,-1
66,3,362.30,970.66,134.19,368.59,0.96,-1,-1,-1
66,4,532.12,959.04,129.26,384.49,0.95,-1,-1,-1
67,1,219.66,963.39,118.05,378.55,0.95,-1,-1,-1
67,2,740.62,974.15,128.33,375.85,0.95,-1,-1,-1
67,3,362.77,970.93,134.18,367.10,0.95,-1,-1,-1
67,4,531.00,960.07,128.93,383.05,0.95,-1,-1,-1
68,1,222.97,962.80,115.83,372.05,0.94,-1,-1,-1
68,2,737.70,974.22,127.58,375.32,0.95,-1,-1,-1
68,3,363.27,970.61,133.89,366.21,0.95,-1,-1,-1
68,4,529.54,960.06,129.18,383.80,0.95,-1,-1,-1
69,1,226.30,962.97,113.58,364.48,0.95,-1,-1,-1
69,2,734.74,974.22,126.32,372.81,0.95,-1,-1,-1
69,3,363.95,970.08,133.17,364.75,0.95,-1,-1,-1
69,4,528.68,960.85,128.57,381.76,0.95,-1,-1,-1
70,1,228.32,962.63,112.95,361.35,0.95,-1,-1,-1
70,2,731.23,974.18,125.19,369.56,0.95,-1,-1,-1
70,3,364.74,969.46,131.80,362.27,0.95,-1,-1,-1
70,4,528.03,961.14,128.30,381.06,0.95,-1,-1,-1
71,1,229.72,961.69,113.29,360.30,0.94,-1,-1,-1
71,2,729.01,974.54,123.52,364.04,0.95,-1,-1,-1
71,3,366.60,968.82,128.93,356.21,0.95,-1,-1,-1
71,4,528.12,962.84,127.42,378.48,0.95,-1,-1,-1
72,1,229.92,960.55,114.11,360.02,0.95,-1,-1,-1
72,2,725.91,972.24,122.79,360.46,0.95,-1,-1,-1
72,3,367.70,968.57,126.61,351.61,0.95,-1,-1,-1
72,4,528.19,964.26,126.31,375.18,0.95,-1,-1,-1
73,1,229.40,960.52,115.39,360.41,0.95,-1,-1,-1
73,2,723.26,970.57,123.26,359.24,0.95,-1,-1,-1
73,3,367.43,968.08,125.09,349.59,0.95,-1,-1,-1
73,4,527.56,965.18,125.48,372.82,0.95,-1,-1,-1
74,1,229.47,961.32,116.61,359.85,0.95,-1,-1,-1
74,2,721.48,969.54,124.40,359.29,0.95,-1,-1,-1
74,3,367.36,967.49,124.03,349.33,0.95,-1,-1,-1
74,4,527.30,965.10,124.69,370.82,0.95,-1,-1,-1
75,1,229.14,962.42,117.77,358.92,0.95,-1,-1,-1
75,2,720.08,968.35,125.68,358.61,0.94,-1,-1,-1
75,3,367.52,967.27,122.85,348.53,0.95,-1,-1,-1
75,4,527.38,965.06,123.73,368.55,0.95,-1,-1,-1
76,1,229.30,963.63,118.83,357.05,0.95,-1,-1,-1
76,2,718.30,967.52,127.23,358.84,0.94,-1,-1,-1
76,3,368.62,966.40,122.33,349.11,0.95,-1,-1,-1
76,4,527.31,963.42,123.24,367.78,0.95,-1,-1,-1
77,1,229.85,964.87,119.94,354.83,0.95,-1,-1,-1
77,2,717.77,968.01,128.48,358.20,0.95,-1,-1,-1
77,3,370.02,966.47,121.35,348.20,0.95,-1,-1,-1
77,4,528.34,962.40,121.61,363.18,0.95,-1,-1,-1
78,1,229.66,964.93,121.56,354.46,0.95,-1,-1,-1
78,2,717.46,967.81,130.11,358.43,0.94,-1,-1,-1
78,3,371.36,966.90,120.54,347.53,0.95,-1,-1,-1
78,4,529.17,961.21,120.37,359.93,0.95,-1,-1,-1
79,1,229.70,966.14,122.35,351.61,0.95,-1,-1,-1
79,2,717.29,968.53,130.96,356.99,0.94,-1,-1,-1
79,3,372.25,967.47,119.83,346.94,0.95,-1,-1,-1
79,4,529.64,960.77,119.64,358.01,0.95,-1,-1,-1
80,1,229.03,966.18,123.64,351.00,0.95,-1,-1,-1
80,2,716.07,970.01,131.30,355.31,0.95,-1,-1,-1
80,3,372.10,967.69,119.32,346.78,0.95,-1,-1,-1
80,4,529.73,960.61,119.37,357.38,0.95,-1,-1,-1
81,1,228.71,965.78,124.48,349.65,0.95,-1,-1,-1
81,2,714.26,970.56,131.85,354.74,0.94,-1,-1,-1
81,3,371.22,968.16,118.38,345.57,0.94,-1,-1,-1
81,4,529.39,960.95,119.07,356.04,0.95,-1,-1,-1
82,1,228.66,965.22,124.89,348.01,0.95,-1,-1,-1
82,2,713.29,972.36,131.12,351.39,0.94,-1,-1,-1
82,3,370.75,969.54,117.47,343.98,0.95,-1,-1,-1
82,4,529.17,960.29,119.37,355.61,0.95,-1,-1,-1
83,1,228.80,965.00,125.25,346.66,0.95,-1,-1,-1
83,2,712.22,973.83,130.76,349.40,0.94,-1,-1,-1
83,3,369.99,970.45,116.32,341.43,0.95,-1,-1,-1
83,4,528.29,960.04,119.92,355.53,0.95,-1,-1,-1
84,1,228.87,964.11,124.21,342.23,0.95,-1,-1,-1
84,2,709.70,973.56,130.18,348.71,0.94,-1,-1,-1
84,3,369.09,970.78,115.52,339.74,0.95,-1,-1,-1
84,4,527.30,960.75,119.88,353.97,0.95,-1,-1,-1
85,1,229.60,962.98,123.55,339.84,0.95,-1,-1,-1
85,2,709.17,973.45,128.44,345.33,0.94,-1,-1,-1
85,3,367.82,970.10,115.13,339.16,0.95,-1,-1,-1
85,4,526.52,961.03,120.52,354.25,0.95,-1,-1,-1
86,1,230.13,960.56,122.74,338.62,0.95,-1,-1,-1
86,2,708.38,973.79,126.70,342.13,0.94,-1,-1,-1
86,3,367.03,969.03,114.43,337.40,0.95,-1,-1,-1
86,4,525.36,961.13,121.15,354.41,0.94,-1,-1,-1
87,1,230.89,959.66,121.48,337.44,0.95,-1,-1,-1
87,2,707.63,973.10,124.65,337.81,0.94,-1,-1,-1
87,3,366.52,969.42,113.44,334.40,0.95,-1,-1,-1
87,4,524.50,961.97,121.27,352.93,0.94,-1,-1,-1
88,1,232.03,958.54,119.97,336.28,0.94,-1,-1,-1
88,2,707.03,972.03,123.07,334.67,0.94,-1,-1,-1
88,3,366.40,968.37,112.58,331.34,0.95,-1,-1,-1
88,4,524.83,962.68,120.85,350.44,0.94,-1,-1,-1
89,1,232.63,958.14,118.42,335.91,0.94,-1,-1,-1
89,2,706.40,971.23,121.79,332.39,0.94,-1,-1,-1
89,3,366.95,967.18,111.90,328.66,0.95,-1,-1,-1
89,4,525.26,962.94,120.33,347.95,0.94,-1,-1,-1
90,1,233.35,958.01,116.71,335.04,0.94,-1,-1,-1
90,2,705.80,969.73,121.38,332.83,0.94,-1,-1,-1
90,3,367.48,966.33,111.45,325.73,0.95,-1,-1,-1
90,4,525.75,964.63,119.51,345.48,0.94,-1,-1,-1
91,1,233.93,957.58,115.42,335.18,0.94,-1,-1,-1
91,2,705.17,967.18,121.32,334.27,0.94,-1,-1,-1
91,3,367.34,965.23,111.99,325.52,0.95,-1,-1,-1
91,4,526.73,964.06,118.64,343.42,0.94,-1,-1,-1
92,1,235.09,958.63,113.73,334.09,0.94,-1,-1,-1
92,2,706.39,965.84,120.89,334.49,0.95,-1,-1,-1
92,3,368.30,964.82,112.19,323.91,0.95,-1,-1,-1
92,4,527.09,962.63,117.95,342.32,0.94,-1,-1,-1
93,1,236.26,961.04,111.80,331.74,0.94,-1,-1,-1
93,2,706.58,965.75,119.77,333.43,0.95,-1,-1,-1
93,3,368.97,964.69,112.86,323.38,0.95,-1,-1,-1
93,4,527.82,961.70,116.92,339.97,0.94,-1,-1,-1
94,1,237.32,962.35,110.22,329.71,0.94,-1,-1,-1
94,2,706.14,965.34,118.86,332.70,0.94,-1,-1,-1
94,3,368.86,964.25,113.46,322.05,0.95,-1,-1,-1
94,4,528.64,962.54,114.46,333.17,0.95,-1,-1,-1
95,1,238.53,962.84,108.87,328.21,0.94,-1,-1,-1
95,2,706.08,966.80,117.59,330.88,0.94,-1,-1,-1
95,3,368.49,962.91,114.74,322.82,0.95,-1,-1,-1
95,4,529.31,962.06,113.43,330.70,0.95,-1,-1,-1
96,1,240.27,963.81,107.17,325.32,0.94,-1,-1,-1
96,2,704.48,967.37,116.35,330.24,0.94,-1,-1,-1
96,3,368.68,963.21,115.35,321.57,0.95,-1,-1,-1
96,4,529.55,961.88,112.47,328.27,0.95,-1,-1,-1
97,1,241.98,965.36,105.79,323.09,0.94,-1,-1,-1
97,2,703.90,967.19,115.13,329.66,0.94,-1,-1,-1
97,3,369.19,964.54,115.91,319.95,0.95,-1,-1,-1
97,4,529.10,960.61,112.02,327.05,0.95,-1,-1,-1
98,1,243.90,964.33,104.68,321.53,0.94,-1,-1,-1
98,2,702.63,967.53,113.68,328.29,0.94,-1,-1,-1
98,3,369.13,964.65,116.60,319.00,0.95,-1,-1,-1
98,4,528.08,960.94,111.37,325.09,0.95,-1,-1,-1
99,1,244.91,964.73,103.73,320.21,0.94,-1,-1,-1
99,2,702.44,967.66,112.64,327.83,0.94,-1,-1,-1
99,3,368.91,965.10,117.26,318.30,0.95,-1,-1,-1
99,4,527.68,961.07,111.17,324.44,0.95,-1,-1,-1
100,1,248.23,962.48,102.34,316.59,0.95,-1,-1,-1
100,2,700.21,966.53,111.09,325.71,0.94,-1,-1,-1
100,3,368.89,964.87,117.76,317.69,0.95,-1,-1,-1
100,4,526.34,961.52,111.13,323.88,0.95,-1,-1,-1
101,1,251.07,960.02,101.59,313.71,0.95,-1,-1,-1
101,2,697.92,966.90,109.52,323.36,0.94,-1,-1,-1
101,3,368.64,965.99,117.61,315.51,0.95,-1,-1,-1
101,4,524.77,961.30,111.07,323.35,0.95,-1,-1,-1
102,1,252.83,958.71,101.24,311.51,0.95,-1,-1,-1
102,2,695.84,968.25,107.50,318.15,0.94,-1,-1,-1
102,3,368.21,965.61,117.82,315.54,0.94,-1,-1,-1
102,4,523.71,961.21,110.64,321.63,0.95,-1,-1,-1
103,1,254.13,957.83,101.34,310.36,0.95,-1,-1,-1
103,2,693.87,967.95,106.04,313.85,0.94,-1,-1,-1
103,3,367.54,963.88,118.11,316.39,0.94,-1,-1,-1
103,4,523.00,960.79,110.56,320.65,0.94,-1,-1,-1
104,1,254.92,957.52,101.87,310.01,0.95,-1,-1,-1
104,2,689.93,966.24,105.64,313.12,0.94,-1,-1,-1
104,3,368.34,962.43,117.31,315.17,0.94,-1,-1,-1
104,4,522.29,960.63,110.07,318.75,0.94,-1,-1,-1
105,1,254.71,956.23,102.81,310.36,0.95,-1,-1,-1
105,2,686.74,963.61,105.89,313.33,0.94,-1,-1,-1
105,3,367.89,960.70,116.12,313.55,0.94,-1,-1,-1
105,4,521.19,960.57,110.41,319.70,0.95,-1,-1,-1
106,1,254.22,955.76,103.50,309.75,0.95,-1,-1,-1
106,2,684.20,961.44,105.65,311.49,0.94,-1,-1,-1
106,3,367.31,959.67,114.51,310.98,0.94,-1,-1,-1
106,4,520.36,960.95,109.66,317.33,0.95,-1,-1,-1
107,1,253.78,954.81,104.50,309.58,0.95,-1,-1,-1
107,2,681.58,959.85,105.89,310.86,0.94,-1,-1,-1
107,3,367.18,958.51,112.54,307.67,0.95,-1,-1,-1
107,4,519.42,959.51,109.29,316.49,0.95,-1,-1,-1
108,1,252.75,954.87,105.44,309.17,0.95,-1,-1,-1
108,2,679.24,958.89,106.47,310.29,0.94,-1,-1,-1
108,3,366.25,957.69,111.18,306.08,0.95,-1,-1,-1
108,4,518.84,958.17,108.48,314.64,0.95,-1,-1,-1
109,1,252.08,955.32,105.91,307.08,0.95,-1,-1,-1
109,2,678.53,958.56,107.34,310.14,0.94,-1,-1,-1
109,3,366.27,957.41,109.98,304.74,0.95,-1,-1,-1
109,4,519.10,957.68,107.08,310.81,0.95,-1,-1,-1
110,1,251.29,955.50,106.52,305.54,0.95,-1,-1,-1
110,2,677.47,958.46,107.82,308.55,0.94,-1,-1,-1
110,3,366.01,956.14,109.30,304.70,0.95,-1,-1,-1
110,4,518.96,956.31,106.29,308.23,0.95,-1,-1,-1
111,1,250.16,956.38,106.98,303.42,0.95,-1,-1,-1
111,2,676.59,958.06,108.33,307.60,0.95,-1,-1,-1
111,3,365.73,955.29,108.64,304.34,0.94,-1,-1,-1
111,4,517.81,953.81,106.46,308.54,0.95,-1,-1,-1
112,1,249.79,955.93,108.01,303.47,0.95,-1,-1,-1
112,2,676.34,958.33,108.50,305.31,0.95,-1,-1,-1
112,3,365.80,954.60,108.09,304.65,0.94,-1,-1,-1
112,4,517.62,952.51,106.11,307.52,0.95,-1,-1,-1
113,1,249.70,955.77,108.50,301.95,0.95,-1,-1,-1
113,2,676.05,958.06,109.11,304.90,0.95,-1,-1,-1
113,3,366.05,953.96,107.48,304.41,0.94,-1,-1,-1
113,4,517.06,951.65,106.23,307.60,0.95,-1,-1,-1
114,1,249.42,955.71,108.55,299.83,0.95,-1,-1,-1
114,2,674.77,957.58,109.40,304.40,0.94,-1,-1,-1
114,3,366.17,954.15,106.44,302.37,0.94,-1,-1,-1
114,4,515.81,950.95,106.41,308.08,0.94,-1,-1,-1
115,1,249.30,954.51,108.97,299.49,0.95,-1,-1,-1
115,2,673.72,957.82,109.16,302.27,0.95,-1,-1,-1
115,3,365.59,954.25,106.13,302.44,0.94,-1,-1,-1
115,4,514.52,950.33,106.20,307.12,0.94,-1,-1,-1
116,1,249.94,952.87,108.34,295.83,0.95,-1,-1,-1
116,2,672.50,957.53,109.24,301.12,0.94,-1,-1,-1
116,3,364.52,953.91,105.37,300.51,0.94,-1,-1,-1
116,4,513.97,950.12,105.91,306.01,0.94,-1,-1,-1
117,1,250.49,952.67,106.99,290.91,0.95,-1,-1,-1
117,2,670.42,957.84,109.43,300.34,0.94,-1,-1,-1
117,3,363.56,954.20,104.64,298.63,0.95,-1,-1,-1
117,4,512.62,948.48,106.15,306.43,0.94,-1,-1,-1
118,1,251.20,950.61,106.76,290.34,0.94,-1,-1,-1
118,2,668.94,957.17,109.41,299.30,0.94,-1,-1,-1
118,3,363.07,953.93,104.28,297.57,0.94,-1,-1,-1
118,4,512.35,949.08,105.64,304.64,0.94,-1,-1,-1
119,1,251.98,947.86,106.41,290.59,0.94,-1,-1,-1
119,2,667.04,955.34,109.01,298.16,0.94,-1,-1,-1
119,3,362.60,953.85,103.57,295.62,0.94,-1,-1,-1
119,4,512.65,947.75,105.52,304.00,0.94,-1,-1,-1
120,1,252.53,946.07,105.37,289.96,0.94,-1,-1,-1
120,2,666.19,955.07,107.67,294.99,0.94,-1,-1,-1
120,3,362.16,953.43,103.08,294.53,0.94,-1,-1,-1
120,4,514.10,950.86,103.86,298.63,0.94,-1,-1,-1
121,1,252.20,944.23,104.63,290.97,0.94,-1,-1,-1
121,2,664.41,953.39,106.21,290.66,0.94,-1,-1,-1
121,3,361.37,952.49,102.61,293.38,0.94,-1,-1,-1
121,4,514.61,951.26,103.35,296.65,0.94,-1,-1,-1
122,1,251.41,942.39,103.78,291.80,0.94,-1,-1,-1
122,2,662.74,951.98,105.38,288.30,0.94,-1,-1,-1
122,3,360.47,951.36,101.70,290.60,0.94,-1,-1,-1
122,4,514.94,951.01,102.72,294.77,0.94,-1,-1,-1
123,1,251.18,941.74,102.72,292.15,0.94,-1,-1,-1
123,2,661.76,950.28,105.13,287.89,0.94,-1,-1,-1
123,3,360.06,950.15,101.17,288.81,0.94,-1,-1,-1
123,4,515.70,950.93,102.25,293.33,0.94,-1,-1,-1
124,1,251.39,941.94,101.34,291.13,0.94,-1,-1,-1
124,2,661.07,949.68,105.00,287.81,0.94,-1,-1,-1
124,3,359.90,949.72,101.04,288.19,0.94,-1,-1,-1
124,4,515.69,950.91,102.09,292.86,0.94,-1,-1,-1
125,1,250.35,940.86,100.10,290.38,0.94,-1,-1,-1
125,2,659.73,945.90,104.85,289.03,0.94,-1,-1,-1
125,3,360.06,947.99,100.21,284.83,0.94,-1,-1,-1
125,4,515.50,949.32,100.45,287.95,0.94,-1,-1,-1
126,1,251.07,940.09,98.70,289.73,0.94,-1,-1,-1
126,2,659.68,944.52,104.01,288.75,0.94,-1,-1,-1
126,3,360.97,946.96,100.27,283.22,0.94,-1,-1,-1
126,4,515.29,947.52,99.72,285.77,0.94,-1,-1,-1
127,1,251.75,940.64,97.09,287.92,0.94,-1,-1,-1
127,2,660.05,942.45,103.82,290.28,0.93,-1,-1,-1
127,3,361.30,946.61,100.75,281.88,0.94,-1,-1,-1
127,4,514.67,944.87,99.57,285.43,0.94,-1,-1,-1
128,1,252.78,940.08,96.04,286.88,0.94,-1,-1,-1
128,2,660.62,942.51,102.99,289.30,0.93,-1,-1,-1
128,3,361.72,944.51,101.56,281.45,0.94,-1,-1,-1
128,4,514.45,943.50,99.12,284.18,0.94,-1,-1,-1
129,1,254.19,940.70,94.83,284.93,0.94,-1,-1,-1
129,2,660.04,941.79,101.97,288.17,0.94,-1,-1,-1
129,3,362.40,944.15,102.44,280.54,0.94,-1,-1,-1
129,4,513.95,942.63,99.01,283.78,0.94,-1,-1,-1
130,1,255.23,939.37,94.16,284.23,0.94,-1,-1,-1
130,2,658.55,941.56,101.02,286.98,0.94,-1,-1,-1
130,3,362.36,942.85,103.79,281.06,0.95,-1,-1,-1
130,4,513.71,941.13,99.13,283.69,0.94,-1,-1,-1
131,1,257.15,938.50,93.23,282.42,0.94,-1,-1,-1
131,2,657.21,941.92,99.94,285.77,0.93,-1,-1,-1
131,3,361.52,942.40,104.74,280.50,0.94,-1,-1,-1
131,4,513.10,940.61,99.04,282.91,0.94,-1,-1,-1
132,1,258.75,937.80,91.74,278.59,0.94,-1,-1,-1
132,2,655.84,942.09,98.95,284.55,0.93,-1,-1,-1
132,3,360.82,941.86,105.46,279.54,0.95,-1,-1,-1
132,4,512.47,939.65,99.06,282.68,0.94,-1,-1,-1
133,1,260.27,935.96,90.91,275.60,0.94,-1,-1,-1
133,2,654.28,941.79,97.60,282.54,0.94,-1,-1,-1
133,3,360.31,941.29,106.24,278.43,0.95,-1,-1,-1
133,4,511.02,938.92,98.72,281.84,0.94,-1,-1,-1
134,1,261.89,934.11,90.67,273.74,0.94,-1,-1,-1
134,2,652.49,940.90,96.41,281.03,0.93,-1,-1,-1
134,3,360.21,941.11,106.75,277.25,0.95,-1,-1,-1
134,4,509.59,936.69,98.83,282.37,0.94,-1,-1,-1
135,1,262.52,931.45,91.31,274.71,0.94,-1,-1,-1
135,2,650.23,941.00,95.27,278.91,0.93,-1,-1,-1
135,3,359.97,940.27,107.35,276.85,0.94,-1,-1,-1
135,4,507.77,938.28,97.49,279.42,0.94,-1,-1,-1
136,1,262.66,931.30,91.29,272.74,0.94,-1,-1,-1
136,2,647.56,942.26,93.82,274.96,0.93,-1,-1,-1
136,3,359.20,939.19,107.75,276.75,0.94,-1,-1,-1
136,4,506.77,938.52,96.49,277.56,0.94,-1,-1,-1
137,1,262.55,929.69,91.98,272.85,0.94,-1,-1,-1
137,2,643.61,941.15,92.90,273.54,0.93,-1,-1,-1
137,3,359.12,938.02,107.87,276.74,0.94,-1,-1,-1
137,4,506.11,936.64,96.35,277.70,0.94,-1,-1,-1
138,1,261.62,929.52,92.26,272.14,0.94,-1,-1,-1
138,2,641.19,939.96,92.23,271.47,0.94,-1,-1,-1
138,3,358.55,936.01,107.83,276.78,0.94,-1,-1,-1
138,4,505.47,935.16,95.57,276.21,0.93,-1,-1,-1
139,1,261.43,930.70,92.13,269.53,0.94,-1,-1,-1
139,2,638.87,938.73,91.77,269.16,0.93,-1,-1,-1
139,3,357.86,934.10,107.18,276.02,0.94,-1,-1,-1
139,4,505.65,935.04,94.91,274.10,0.93,-1,-1,-1
140,1,260.19,929.19,92.88,269.40,0.94,-1,-1,-1
140,2,636.68,936.70,92.03,269.16,0.93,-1,-1,-1
140,3,357.86,932.62,105.62,273.38,0.94,-1,-1,-1
140,4,505.34,935.03,93.89,270.96,0.92,-1,-1,-1
141,1,259.51,928.65,93.60,269.40,0.94,-1,-1,-1
141,2,635.87,935.97,92.29,269.22,0.93,-1,-1,-1
141,3,357.81,932.11,104.77,272.42,0.94,-1,-1,-1
141,4,505.23,935.05,93.56,269.83,0.92,-1,-1,-1
142,1,258.86,930.07,93.74,267.06,0.95,-1,-1,-1
142,2,633.08,934.53,92.75,267.71,0.94,-1,-1,-1
142,3,357.11,931.16,102.64,268.91,0.94,-1,-1,-1
142,4,504.66,933.09,93.37,268.67,0.93,-1,-1,-1
143,1,258.88,931.44,93.56,263.82,0.95,-1,-1,-1
143,2,630.94,933.62,93.68,267.19,0.94,-1,-1,-1
143,3,357.35,930.05,101.66,268.43,0.94,-1,-1,-1
143,4,504.57,933.58,92.71,265.90,0.92,-1,-1,-1
144,1,257.74,931.17,94.28,263.47,0.95,-1,-1,-1
144,2,629.63,933.31,94.40,266.25,0.94,-1,-1,-1
144,3,356.60,928.87,100.23,267.50,0.94,-1,-1,-1
144,4,504.26,934.59,92.29,263.32,0.92,-1,-1,-1
145,1,256.57,930.28,94.96,263.38,0.94,-1,-1,-1
145,2,627.75,933.23,95.22,265.15,0.94,-1,-1,-1
145,3,356.68,928.47,99.00,266.39,0.93,-1,-1,-1
145,4,503.31,933.79,92.64,263.22,0.93,-1,-1,-1
146,1,255.94,929.17,95.60,263.40,0.94,-1,-1,-1
146,2,627.19,933.23,96.19,264.78,0.94,-1,-1,-1
146,3,356.90,928.36,98.20,266.82,0.93,-1,-1,-1
146,4,502.23,931.51,93.48,264.84,0.93,-1,-1,-1
147,1,255.50,929.16,95.67,261.86,0.94,-1,-1,-1
147,2,626.07,933.26,96.92,264.69,0.94,-1,-1,-1
147,3,357.05,928.36,97.41,267.02,0.93,-1,-1,-1
147,4,501.35,930.68,94.01,265.49,0.93,-1,-1,-1
148,1,255.81,928.78,95.44,259.73,0.94,-1,-1,-1
148,2,624.83,933.29,97.37,263.90,0.94,-1,-1,-1
148,3,357.35,927.59,96.67,267.13,0.94,-1,-1,-1
148,4,501.36,930.39,94.37,264.99,0.93,-1,-1,-1
149,1,255.79,928.65,95.67,258.97,0.94,-1,-1,-1
149,2,624.22,933.33,97.94,263.64,0.94,-1,-1,-1
149,3,357.68,927.73,95.99,267.20,0.94,-1,-1,-1
149,4,501.24,930.31,94.81,264.83,0.93,-1,-1,-1
150,1,255.42,925.43,95.49,258.74,0.94,-1,-1,-1
150,2,623.71,933.76,98.04,262.79,0.94,-1,-1,-1
150,3,358.18,929.01,94.63,264.87,0.93,-1,-1,-1
150,4,503.25,930.70,95.29,264.01,0.93,-1,-1,-1
151,1,255.77,923.05,95.25,259.49,0.93,-1,-1,-1
151,2,622.85,933.94,97.94,261.70,0.94,-1,-1,-1
151,3,357.86,929.91,93.56,263.22,0.93,-1,-1,-1
151,4,503.96,930.48,95.60,263.73,0.93,-1,-1,-1
152,1,256.48,922.18,94.31,259.01,0.93,-1,-1,-1
152,2,621.47,933.62,97.71,260.54,0.94,-1,-1,-1
152,3,357.18,930.27,92.73,261.84,0.94,-1,-1,-1
152,4,504.25,930.01,95.28,262.07,0.93,-1,-1,-1
153,1,256.32,920.70,93.43,258.86,0.93,-1,-1,-1
153,2,620.92,933.11,97.00,258.54,0.94,-1,-1,-1
153,3,356.33,930.01,91.65,259.77,0.94,-1,-1,-1
153,4,504.54,929.45,95.21,261.47,0.92,-1,-1,-1
154,1,256.83,921.77,92.17,258.05,0.93,-1,-1,-1
154,2,620.53,932.14,96.40,257.03,0.94,-1,-1,-1
154,3,355.47,928.73,91.56,260.62,0.94,-1,-1,-1
154,4,505.05,929.66,94.37,259.69,0.92,-1,-1,-1
155,1,257.47,920.61,91.31,258.56,0.93,-1,-1,-1
155,2,620.06,931.38,95.32,254.91,0.94,-1,-1,-1
155,3,354.74,927.86,91.21,260.18,0.94,-1,-1,-1
155,4,505.72,928.56,93.91,259.05,0.92,-1,-1,-1
156,1,258.13,921.00,90.14,257.99,0.93,-1,-1,-1
156,2,618.52,929.52,94.56,254.16,0.94,-1,-1,-1
156,3,353.68,927.55,90.69,259.26,0.94,-1,-1,-1
156,4,507.72,927.77,93.82,257.26,0.91,-1,-1,-1
157,1,259.28,922.77,88.52,255.41,0.93,-1,-1,-1
157,2,617.91,927.25,94.42,255.53,0.94,-1,-1,-1
157,3,353.57,926.65,89.98,257.35,0.94,-1,-1,-1
157,4,508.75,926.69,94.02,255.82,0.91,-1,-1,-1
158,1,260.36,923.46,87.11,253.67,0.93,-1,-1,-1
158,2,618.81,926.02,93.80,255.28,0.94,-1,-1,-1
158,3,353.48,925.93,89.46,255.87,0.95,-1,-1,-1
158,4,506.41,927.10,93.13,253.73,0.92,-1,-1,-1
159,1,261.32,924.53,85.98,252.25,0.93,-1,-1,-1
159,2,618.86,924.80,93.43,256.02,0.94,-1,-1,-1
159,3,353.88,925.28,89.28,254.55,0.94,-1,-1,-1
159,4,504.27,926.48,92.53,252.99,0.92,-1,-1,-1
160,1,261.92,923.74,85.47,252.55,0.93,-1,-1,-1
160,2,619.20,924.77,92.71,255.53,0.94,-1,-1,-1
160,3,354.22,924.66,89.65,254.10,0.95,-1,-1,-1
160,4,503.01,925.87,92.02,252.75,0.93,-1,-1,-1
161,1,263.24,923.85,84.47,251.11,0.93,-1,-1,-1
161,2,620.37,924.79,92.03,254.57,0.94,-1,-1,-1
161,3,354.75,924.45,90.24,253.17,0.94,-1,-1,-1
161,4,502.09,924.86,91.15,251.91,0.93,-1,-1,-1
162,1,263.95,923.10,84.06,251.40,0.93,-1,-1,-1
162,2,620.30,925.23,91.24,253.44,0.94,-1,-1,-1
162,3,354.73,923.19,91.32,253.66,0.94,-1,-1,-1
162,4,501.44,925.70,90.29,250.84,0.93,-1,-1,-1
163,1,265.33,922.03,83.46,250.74,0.93,-1,-1,-1
163,2,619.25,924.22,90.67,253.84,0.93,-1,-1,-1
163,3,354.61,922.74,91.97,253.08,0.94,-1,-1,-1
163,4,501.40,926.03,89.19,248.88,0.93,-1,-1,-1
164,1,266.73,921.24,82.64,248.94,0.93,-1,-1,-1
164,2,617.53,924.26,89.96,254.01,0.94,-1,-1,-1
164,3,353.73,921.80,93.10,253.69,0.94,-1,-1,-1
164,4,500.47,924.98,89.07,249.79,0.93,-1,-1,-1
165,1,268.29,920.96,81.83,246.69,0.93,-1,-1,-1
165,2,617.14,926.68,88.45,250.92,0.94,-1,-1,-1
165,3,352.50,922.26,93.75,252.36,0.94,-1,-1,-1
165,4,500.01,925.39,88.50,249.36,0.93,-1,-1,-1
166,1,269.50,920.87,81.45,245.09,0.93,-1,-1,-1
166,2,616.05,927.62,87.43,249.78,0.94,-1,-1,-1
166,3,351.81,922.85,94.46,251.09,0.94,-1,-1,-1
166,4,500.51,925.96,87.78,248.45,0.93,-1,-1,-1
167,1,270.25,921.24,80.76,242.14,0.93,-1,-1,-1
167,2,614.20,928.38,86.04,247.79,0.94,-1,-1,-1
167,3,350.87,922.70,95.31,250.64,0.94,-1,-1,-1
167,4,498.77,924.99,87.02,248.13,0.93,-1,-1,-1
168,1,269.97,919.00,81.89,244.28,0.93,-1,-1,-1
168,2,611.95,928.26,84.89,246.28,0.93,-1,-1,-1
168,3,350.69,923.45,95.72,248.91,0.94,-1,-1,-1
168,4,497.29,924.23,86.47,248.05,0.93,-1,-1,-1
169,1,269.73,917.78,82.94,245.11,0.93,-1,-1,-1
169,2,610.87,927.02,84.05,244.95,0.93,-1,-1,-1
169,3,350.87,923.74,96.18,247.49,0.94,-1,-1,-1
169,4,495.56,923.17,85.87,247.25,0.93,-1,-1,-1
170,1,269.53,916.94,83.83,245.46,0.94,-1,-1,-1
170,2,607.58,926.56,83.81,244.50,0.93,-1,-1,-1
170,3,350.59,923.06,96.66,246.99,0.94,-1,-1,-1
170,4,493.93,923.58,84.89,244.59,0.93,-1,-1,-1
171,1,270.16,917.04,84.39,244.03,0.94,-1,-1,-1
171,2,605.40,925.99,83.74,243.57,0.93,-1,-1,-1
171,3,350.17,922.02,97.11,246.84,0.94,-1,-1,-1
171,4,492.40,922.95,84.44,243.62,0.92,-1,-1,-1
172,1,269.43,917.90,84.52,241.92,0.94,-1,-1,-1
172,2,603.74,925.79,82.95,240.07,0.93,-1,-1,-1
172,3,349.39,921.64,96.94,246.02,0.95,-1,-1,-1
172,4,490.76,921.53,84.11,242.50,0.92,-1,-1,-1
173,1,269.05,918.24,84.84,240.36,0.94,-1,-1,-1
173,2,601.63,922.92,83.35,240.40,0.93,-1,-1,-1
173,3,348.79,920.71,96.30,244.95,0.94,-1,-1,-1
173,4,488.46,919.82,83.85,242.11,0.92,-1,-1,-1
174,1,268.78,918.39,85.39,239.81,0.94,-1,-1,-1
174,2,600.82,921.87,83.67,240.57,0.93,-1,-1,-1
174,3,348.62,920.37,95.96,244.57,0.94,-1,-1,-1
174,4,487.77,919.60,83.53,241.21,0.92,-1,-1,-1
175,1,268.78,918.45,85.86,238.84,0.94,-1,-1,-1
175,2,600.34,919.90,84.28,239.87,0.94,-1,-1,-1
175,3,348.06,919.47,94.48,242.08,0.94,-1,-1,-1
175,4,486.09,920.33,83.16,238.51,0.92,-1,-1,-1
176,1,269.24,918.08,86.30,237.72,0.94,-1,-1,-1
176,2,600.73,919.19,84.88,238.85,0.94,-1,-1,-1
176,3,348.26,918.34,93.13,240.37,0.94,-1,-1,-1
176,4,485.18,918.64,83.69,239.14,0.93,-1,-1,-1
177,1,268.89,917.95,86.98,237.33,0.94,-1,-1,-1
177,2,600.67,918.15,86.03,239.30,0.94,-1,-1,-1
177,3,348.11,918.74,91.51,238.18,0.93,-1,-1,-1
177,4,484.79,918.82,83.30,237.02,0.92,-1,-1,-1
178,1,268.89,917.52,87.45,237.22,0.93,-1,-1,-1
178,2,600.49,918.19,86.87,238.71,0.94,-1,-1,-1
178,3,348.55,918.51,90.34,237.40,0.93,-1,-1,-1
178,4,484.20,918.91,83.34,235.46,0.92,-1,-1,-1
179,1,269.14,917.36,87.91,237.21,0.93,-1,-1,-1
179,2,600.51,918.23,87.86,238.52,0.94,-1,-1,-1
179,3,349.18,918.44,89.41,237.15,0.93,-1,-1,-1
179,4,483.18,918.56,83.86,235.72,0.92,-1,-1,-1
180,1,270.16,916.51,87.40,234.85,0.93,-1,-1,-1
180,2,601.20,919.07,88.34,236.88,0.94,-1,-1,-1
180,3,349.29,918.03,88.55,236.31,0.93,-1,-1,-1
180,4,482.39,920.44,83.76,234.26,0.92,-1,-1,-1
181,1,271.31,915.01,86.96,232.40,0.93,-1,-1,-1
181,2,600.87,919.80,88.76,235.50,0.94,-1,-1,-1
181,3,348.82,917.89,87.70,235.23,0.93,-1,-1,-1
181,4,481.36,919.56,84.08,234.55,0.91,-1,-1,-1
182,1,271.04,914.06,86.46,230.71,0.93,-1,-1,-1
182,2,600.23,918.90,89.39,235.01,0.93,-1,-1,-1
182,3,348.20,917.45,87.10,234.87,0.93,-1,-1,-1
182,4,480.71,920.83,83.60,232.31,0.92,-1,-1,-1
183,1,271.42,912.52,86.08,230.13,0.93,-1,-1,-1
183,2,599.23,918.58,89.58,234.07,0.93,-1,-1,-1
183,3,347.92,917.30,86.19,233.18,0.93,-1,-1,-1
183,4,479.55,918.93,84.15,233.09,0.92,-1,-1,-1
184,1,271.70,911.57,85.73,229.95,0.92,-1,-1,-1
184,2,598.38,918.07,89.85,233.74,0.94,-1,-1,-1
184,3,347.74,916.86,85.66,232.58,0.93,-1,-1,-1
184,4,478.61,916.23,85.06,235.01,0.92,-1,-1,-1
185,1,270.55,909.65,85.70,231.52,0.93,-1,-1,-1
185,2,596.95,916.70,89.82,233.65,0.93,-1,-1,-1
185,3,347.10,916.71,85.04,230.80,0.94,-1,-1,-1
185,4,477.10,912.46,85.78,237.34,0.92,-1,-1,-1
186,1,270.03,908.55,84.96,231.34,0.92,-1,-1,-1
186,2,595.88,915.80,89.33,232.85,0.93,-1,-1,-1
186,3,345.67,916.26,84.84,230.18,0.93,-1,-1,-1
186,4,476.86,910.27,85.87,237.45,0.92,-1,-1,-1
187,1,270.00,909.76,83.64,229.72,0.92,-1,-1,-1
187,2,595.05,914.69,88.66,231.78,0.93,-1,-1,-1
187,3,343.79,914.91,85.10,230.78,0.93,-1,-1,-1
187,4,475.67,909.07,85.40,236.70,0.93,-1,-1,-1
188,1,270.29,908.66,83.14,230.72,0.93,-1,-1,-1
188,2,594.30,913.50,87.76,229.82,0.93,-1,-1,-1
188,3,341.62,912.43,85.80,232.63,0.93,-1,-1,-1
188,4,475.15,909.06,85.05,235.64,0.93,-1,-1,-1
189,1,271.39,908.66,81.77,229.53,0.93,-1,-1,-1
189,2,592.99,911.88,87.12,229.11,0.93,-1,-1,-1
189,3,339.19,911.12,86.19,233.36,0.94,-1,-1,-1
189,4,473.66,907.51,85.19,236.04,0.92,-1,-1,-1
190,1,271.83,909.09,80.51,228.31,0.93,-1,-1,-1
190,2,590.86,910.90,86.65,228.88,0.93,-1,-1,-1
190,3,337.82,910.66,85.71,231.27,0.94,-1,-1,-1
190,4,471.22,906.96,83.92,233.82,0.92,-1,-1,-1
191,1,272.62,910.46,79.09,226.28,0.93,-1,-1,-1
191,2,589.59,909.77,85.91,228.03,0.94,-1,-1,-1
191,3,338.50,908.92,86.03,232.09,0.93,-1,-1,-1
191,4,469.23,906.80,83.27,232.99,0.93,-1,-1,-1
192,1,273.70,910.60,78.20,225.55,0.93,-1,-1,-1
192,2,589.48,908.98,85.36,227.74,0.93,-1,-1,-1
192,3,339.81,908.69,85.69,230.04,0.94,-1,-1,-1
192,4,467.85,905.58,82.78,232.70,0.93,-1,-1,-1
193,1,274.15,909.46,77.77,226.11,0.93,-1,-1,-1
193,2,588.80,908.71,84.94,227.66,0.93,-1,-1,-1
193,3,341.19,908.64,85.85,229.28,0.93,-1,-1,-1
193,4,466.71,905.95,81.98,231.02,0.93,-1,-1,-1
194,1,274.75,908.25,77.23,226.34,0.92,-1,-1,-1
194,2,588.74,908.64,84.47,227.66,0.93,-1,-1,-1
194,3,341.13,908.25,86.32,229.02,0.93,-1,-1,-1
194,4,465.83,905.32,81.88,231.20,0.93,-1,-1,-1
195,1,276.37,907.41,76.23,224.87,0.92,-1,-1,-1
195,2,588.58,908.25,84.25,228.48,0.93,-1,-1,-1
195,3,341.33,908.53,86.47,227.35,0.93,-1,-1,-1
195,4,465.47,905.52,81.21,229.70,0.93,-1,-1,-1
196,1,277.67,907.11,75.26,222.74,0.92,-1,-1,-1
196,2,588.46,908.13,83.95,228.81,0.93,-1,-1,-1
196,3,340.61,908.26,87.37,227.55,0.93,-1,-1,-1
196,4,464.51,906.02,80.72,228.36,0.93,-1,-1,-1
197,1,279.61,906.62,74.46,220.37,0.92,-1,-1,-1
197,2,588.43,910.09,82.70,226.57,0.93,-1,-1,-1
197,3,340.86,908.18,88.27,227.64,0.93,-1,-1,-1
197,4,464.20,906.23,80.53,227.88,0.93,-1,-1,-1
198,1,280.23,906.85,74.15,219.52,0.92,-1,-1,-1
198,2,588.55,910.85,82.01,225.74,0.93,-1,-1,-1
198,3,340.73,908.17,89.08,227.70,0.93,-1,-1,-1
198,4,464.11,906.33,80.52,227.73,0.93,-1,-1,-1
199,1,281.07,906.16,74.07,218.45,0.92,-1,-1,-1
199,2,587.40,911.95,80.44,223.06,0.93,-1,-1,-1
199,3,341.18,908.18,89.59,226.95,0.93,-1,-1,-1
199,4,462.97,909.96,79.23,223.72,0.93,-1,-1,-1
200,1,281.17,904.72,74.34,218.88,0.92,-1,-1,-1
200,2,586.72,910.37,80.20,224.48,0.93,-1,-1,-1
200,3,342.90,908.20,90.27,226.69,0.93,-1,-1,-1
200,4,462.33,910.15,79.25,223.84,0.93,-1,-1,-1
201,1,280.78,903.80,74.87,219.87,0.92,-1,-1,-1
201,2,586.25,910.18,79.41,223.44,0.93,-1,-1,-1
201,3,343.75,908.22,90.51,225.81,0.93,-1,-1,-1
201,4,461.00,909.81,79.12,223.12,0.93,-1,-1,-1
202,1,280.54,903.87,75.33,220.28,0.92,-1,-1,-1
202,2,584.69,910.52,78.57,222.27,0.93,-1,-1,-1
202,3,344.09,909.04,90.54,224.70,0.93,-1,-1,-1
202,4,460.25,909.69,79.27,222.89,0.93,-1,-1,-1
203,1,280.49,904.32,75.39,219.66,0.92,-1,-1,-1
203,2,583.90,910.65,78.12,221.86,0.93,-1,-1,-1
203,3,344.70,909.75,89.96,222.72,0.92,-1,-1,-1
203,4,458.95,909.64,79.45,222.03,0.93,-1,-1,-1
204,1,281.01,905.70,75.41,217.85,0.92,-1,-1,-1
204,2,582.20,910.31,77.66,220.14,0.93,-1,-1,-1
204,3,345.20,910.43,89.59,221.99,0.93,-1,-1,-1
204,4,457.37,908.02,80.20,222.54,0.93,-1,-1,-1
205,1,281.16,906.63,75.96,217.20,0.92,-1,-1,-1
205,2,580.24,909.79,77.61,219.52,0.93,-1,-1,-1
205,3,345.41,910.68,88.97,220.95,0.93,-1,-1,-1
205,4,456.20,908.22,80.13,221.17,0.93,-1,-1,-1
206,1,280.24,907.78,76.03,216.18,0.92,-1,-1,-1
206,2,578.50,910.40,77.32,217.73,0.93,-1,-1,-1
206,3,345.47,910.78,88.36,220.59,0.93,-1,-1,-1
206,4,454.74,907.10,80.63,221.48,0.93,-1,-1,-1
207,1,280.16,909.01,76.07,215.03,0.92,-1,-1,-1
207,2,577.56,910.23,77.87,217.88,0.93,-1,-1,-1
207,3,345.76,910.81,87.18,218.90,0.93,-1,-1,-1
207,4,453.75,907.08,80.99,221.62,0.93,-1,-1,-1
208,1,281.14,909.47,76.75,214.62,0.92,-1,-1,-1
208,2,577.45,909.38,78.47,217.97,0.93,-1,-1,-1
208,3,346.81,911.22,85.65,216.69,0.93,-1,-1,-1
208,4,452.82,907.88,80.74,220.10,0.93,-1,-1,-1
209,1,280.46,909.23,77.10,214.50,0.92,-1,-1,-1
209,2,577.59,909.06,79.23,218.03,0.93,-1,-1,-1
209,3,347.64,911.37,84.58,215.90,0.93,-1,-1,-1
209,4,452.02,908.19,80.44,218.76,0.93,-1,-1,-1
210,1,279.71,909.54,77.30,214.48,0.92,-1,-1,-1
210,2,579.47,908.16,79.92,218.08,0.93,-1,-1,-1
210,3,348.05,911.42,83.96,215.64,0.93,-1,-1,-1
210,4,451.33,908.71,80.39,218.28,0.93,-1,-1,-1
211,1,279.83,910.04,77.06,213.70,0.92,-1,-1,-1
211,2,580.82,908.62,80.54,218.12,0.93,-1,-1,-1
211,3,349.49,911.84,83.15,214.79,0.93,-1,-1,-1
211,4,451.74,910.10,79.91,217.33,0.93,-1,-1,-1
212,1,280.86,910.62,76.98,212.64,0.92,-1,-1,-1
212,2,581.03,911.19,80.60,216.57,0.93,-1,-1,-1
212,3,350.40,911.99,82.87,215.30,0.93,-1,-1,-1
212,4,451.72,912.21,79.36,216.21,0.93,-1,-1,-1
213,1,281.09,911.23,76.36,210.67,0.92,-1,-1,-1
213,2,581.02,912.96,80.62,215.20,0.93,-1,-1,-1
213,3,350.79,912.84,82.26,214.72,0.93,-1,-1,-1
213,4,451.43,913.00,78.98,215.81,0.92,-1,-1,-1
214,1,281.72,911.84,76.02,209.16,0.92,-1,-1,-1
214,2,581.25,914.81,80.38,213.12,0.93,-1,-1,-1
214,3,351.32,913.55,81.64,213.74,0.93,-1,-1,-1
214,4,451.44,913.28,78.67,215.69,0.93,-1,-1,-1
215,1,282.04,910.46,76.41,210.22,0.92,-1,-1,-1
215,2,581.32,916.29,80.56,212.37,0.93,-1,-1,-1
215,3,352.28,914.20,81.45,213.40,0.93,-1,-1,-1
215,4,452.31,913.37,78.47,215.68,0.93,-1,-1,-1
216,1,282.61,910.73,76.14,209.85,0.92,-1,-1,-1
216,2,581.02,915.63,81.28,213.71,0.93,-1,-1,-1
216,3,352.38,913.64,81.88,214.89,0.93,-1,-1,-1
216,4,453.26,914.18,78.00,214.90,0.93,-1,-1,-1
217,1,282.90,910.43,75.86,209.74,0.92,-1,-1,-1
217,2,581.09,915.36,81.18,213.45,0.93,-1,-1,-1
217,3,353.16,913.82,81.72,214.68,0.93,-1,-1,-1
217,4,453.88,914.47,77.74,214.63,0.93,-1,-1,-1
218,1,283.23,910.31,75.49,209.72,0.92,-1,-1,-1
218,2,580.38,915.64,81.05,213.37,0.93,-1,-1,-1
218,3,353.47,914.67,81.20,213.82,0.93,-1,-1,-1
218,4,453.75,914.56,77.20,213.76,0.93,-1,-1,-1
219,1,284.87,910.27,74.79,208.94,0.92,-1,-1,-1
219,2,580.55,914.94,80.72,212.56,0.93,-1,-1,-1
219,3,355.07,913.79,80.78,213.52,0.93,-1,-1,-1
219,4,455.41,913.78,76.39,211.86,0.93,-1,-1,-1
220,1,287.17,911.84,74.22,208.67,0.92,-1,-1,-1
220,2,581.40,915.46,79.84,210.69,0.93,-1,-1,-1
220,3,356.35,915.44,80.05,212.62,0.92,-1,-1,-1
220,4,456.49,913.88,76.39,211.97,0.93,-1,-1,-1
221,1,287.37,913.22,73.80,208.58,0.92,-1,-1,-1
221,2,580.70,916.44,78.97,209.21,0.93,-1,-1,-1
221,3,356.05,917.24,79.32,211.51,0.93,-1,-1,-1
221,4,456.63,914.70,76.14,211.24,0.93,-1,-1,-1
222,1,288.80,914.52,73.69,209.37,0.92,-1,-1,-1
222,2,580.04,916.00,78.64,209.48,0.93,-1,-1,-1
222,3,357.51,917.91,79.02,211.91,0.93,-1,-1,-1
222,4,457.14,915.40,76.30,211.79,0.93,-1,-1,-1
223,1,290.79,915.39,73.08,208.09,0.92,-1,-1,-1
223,2,579.97,915.42,78.38,209.61,0.93,-1,-1,-1
223,3,358.68,917.35,78.43,211.28,0.93,-1,-1,-1
223,4,457.34,914.45,76.36,212.02,0.93,-1,-1,-1
224,1,291.25,914.91,72.70,207.62,0.92,-1,-1,-1
224,2,578.90,914.01,78.01,209.68,0.93,-1,-1,-1
224,3,358.23,916.72,77.58,209.48,0.93,-1,-1,-1
224,4,456.70,914.09,75.82,210.53,0.93,-1,-1,-1
225,1,292.13,914.31,72.27,206.67,0.92,-1,-1,-1
225,2,577.87,911.88,77.56,209.73,0.93,-1,-1,-1
225,3,358.17,915.27,77.40,208.82,0.92,-1,-1,-1
225,4,454.96,912.75,75.81,210.79,0.93,-1,-1,-1
226,1,292.89,916.85,71.90,205.53,0.92,-1,-1,-1
226,2,578.01,913.86,77.15,209.76,0.93,-1,-1,-1
226,3,358.66,916.31,77.86,209.39,0.92,-1,-1,-1
226,4,454.14,914.23,75.76,210.90,0.93,-1,-1,-1
227,1,294.17,918.20,71.72,205.12,0.92,-1,-1,-1
227,2,578.25,915.80,76.66,209.79,0.92,-1,-1,-1
227,3,359.02,917.89,78.45,209.63,0.93,-1,-1,-1
227,4,454.67,917.96,75.27,209.38,0.93,-1,-1,-1
228,1,295.75,919.47,70.98,202.60,0.92,-1,-1,-1
228,2,578.27,917.73,75.86,209.02,0.92,-1,-1,-1
228,3,359.08,919.27,78.81,208.94,0.93,-1,-1,-1
228,4,454.89,919.36,75.06,208.82,0.93,-1,-1,-1
229,1,296.76,919.93,70.61,200.88,0.92,-1,-1,-1
229,2,578.05,919.63,75.05,207.16,0.92,-1,-1,-1
229,3,359.51,919.78,79.28,208.70,0.93,-1,-1,-1
229,4,454.68,920.26,74.80,207.83,0.93,-1,-1,-1
230,1,298.16,920.07,70.77,200.27,0.92,-1,-1,-1
230,2,577.97,921.13,74.37,205.68,0.92,-1,-1,-1
230,3,359.99,919.95,79.98,208.62,0.93,-1,-1,-1
230,4,454.41,920.98,74.70,207.48,0.93,-1,-1,-1
231,1,298.55,920.10,71.04,200.07,0.92,-1,-1,-1
231,2,577.99,921.67,74.06,205.14,0.92,-1,-1,-1
231,3,359.76,920.00,80.64,208.61,0.93,-1,-1,-1
231,4,454.30,921.22,74.69,207.37,0.93,-1,-1,-1
232,1,298.41,919.29,71.64,200.83,0.92,-1,-1,-1
232,2,575.31,921.85,73.37,204.97,0.92,-1,-1,-1
232,3,360.42,920.79,81.36,208.62,0.92,-1,-1,-1
232,4,453.52,920.49,74.59,207.35,0.93,-1,-1,-1
233,1,298.78,918.96,72.05,201.14,0.92,-1,-1,-1
233,2,573.92,922.28,72.51,204.13,0.92,-1,-1,-1
233,3,361.07,921.47,81.97,207.84,0.92,-1,-1,-1
233,4,453.29,920.59,74.45,207.36,0.93,-1,-1,-1
234,1,299.38,919.62,72.23,200.48,0.92,-1,-1,-1
234,2,573.24,923.22,71.78,203.04,0.92,-1,-1,-1
234,3,362.69,922.51,82.20,206.77,0.92,-1,-1,-1
234,4,452.58,920.21,74.47,208.18,0.93,-1,-1,-1
235,1,299.41,919.86,72.53,200.25,0.92,-1,-1,-1
235,2,571.96,923.15,71.21,202.66,0.91,-1,-1,-1
235,3,362.90,923.28,82.63,206.38,0.92,-1,-1,-1
235,4,451.61,919.26,74.32,208.50,0.92,-1,-1,-1
236,1,299.60,919.93,72.92,200.19,0.92,-1,-1,-1
236,2,570.48,923.10,70.87,202.54,0.92,-1,-1,-1
236,3,364.10,924.34,82.50,205.45,0.92,-1,-1,-1
236,4,451.76,918.89,73.66,207.05,0.93,-1,-1,-1
237,1,299.89,920.74,73.09,199.39,0.92,-1,-1,-1
237,2,568.86,923.86,70.17,200.93,0.92,-1,-1,-1
237,3,364.12,924.72,82.46,205.12,0.92,-1,-1,-1
237,4,451.79,919.14,73.08,205.71,0.93,-1,-1,-1
238,1,299.82,921.04,73.46,199.10,0.92,-1,-1,-1
238,2,567.20,924.92,69.09,197.15,0.92,-1,-1,-1
238,3,364.22,924.84,82.22,205.02,0.92,-1,-1,-1
238,4,451.61,918.83,72.88,205.22,0.93,-1,-1,-1
239,1,299.08,921.53,73.78,198.22,0.92,-1,-1,-1
239,2,564.72,922.89,69.50,197.37,0.93,-1,-1,-1
239,3,363.71,923.27,81.98,204.99,0.93,-1,-1,-1
239,4,451.57,917.91,72.80,205.05,0.93,-1,-1,-1
240,1,299.56,922.10,73.84,197.11,0.92,-1,-1,-1
240,2,563.28,920.93,70.58,199.08,0.93,-1,-1,-1
240,3,364.18,922.26,81.32,204.21,0.93,-1,-1,-1
240,4,451.56,917.57,72.76,205.01,0.93,-1,-1,-1
241,1,298.45,921.50,74.52,197.51,0.92,-1,-1,-1
241,2,561.87,920.19,71.24,198.96,0.93,-1,-1,-1
241,3,364.02,921.48,80.52,203.13,0.94,-1,-1,-1
241,4,451.38,917.44,72.74,205.01,0.93,-1,-1,-1
242,1,298.36,921.27,74.97,196.88,0.92,-1,-1,-1
242,2,560.45,919.51,72.16,199.73,0.93,-1,-1,-1
242,3,363.68,921.18,79.96,202.74,0.93,-1,-1,-1
242,4,450.93,917.79,72.72,205.02,0.93,-1,-1,-1
243,1,298.11,920.77,75.47,196.67,0.93,-1,-1,-1
243,2,559.69,919.26,72.46,198.45,0.93,-1,-1,-1
243,3,363.27,920.66,79.50,202.62,0.93,-1,-1,-1
243,4,450.70,917.92,72.47,204.25,0.93,-1,-1,-1
244,1,297.91,920.57,75.45,195.01,0.93,-1,-1,-1
244,2,558.53,919.57,72.65,197.19,0.93,-1,-1,-1
244,3,363.01,920.47,78.73,201.79,0.93,-1,-1,-1
244,4,450.56,918.37,72.09,203.17,0.93,-1,-1,-1
245,1,296.58,920.09,75.64,194.41,0.93,-1,-1,-1
245,2,557.80,920.09,72.78,195.94,0.93,-1,-1,-1
245,3,363.18,920.40,77.89,200.70,0.93,-1,-1,-1
245,4,450.09,918.94,72.02,202.78,0.93,-1,-1,-1
246,1,296.22,920.31,75.32,192.61,0.93,-1,-1,-1
246,2,556.28,920.28,73.24,195.49,0.93,-1,-1,-1
246,3,363.16,919.98,77.36,200.32,0.93,-1,-1,-1
246,4,450.38,919.55,71.48,201.06,0.93,-1,-1,-1
247,1,294.87,919.99,75.23,191.96,0.93,-1,-1,-1
247,2,554.95,920.76,73.61,195.35,0.93,-1,-1,-1
247,3,363.13,919.43,76.80,200.19,0.93,-1,-1,-1
247,4,450.70,919.77,71.27,200.43,0.93,-1,-1,-1
248,1,294.16,919.07,75.22,192.54,0.92,-1,-1,-1
248,2,553.94,921.33,73.67,194.53,0.93,-1,-1,-1
248,3,362.83,919.22,76.38,200.16,0.93,-1,-1,-1
248,4,450.92,919.85,71.03,199.42,0.93,-1,-1,-1
249,1,294.38,918.33,75.14,192.79,0.92,-1,-1,-1
249,2,553.28,921.15,73.75,194.24,0.94,-1,-1,-1
249,3,363.01,919.55,75.64,199.38,0.93,-1,-1,-1
249,4,451.33,919.87,70.70,198.27,0.93,-1,-1,-1
250,1,294.29,918.06,74.99,192.90,0.92,-1,-1,-1
250,2,552.47,921.87,73.60,193.36,0.94,-1,-1,-1
250,3,362.78,920.08,74.76,198.30,0.93,-1,-1,-1
250,4,451.35,920.27,70.46,197.86,0.93,-1,-1,-1
251,1,293.52,918.36,74.73,192.96,0.92,-1,-1,-1
251,2,550.84,922.54,73.48,193.05,0.93,-1,-1,-1
251,3,362.73,921.08,73.99,197.12,0.93,-1,-1,-1
251,4,451.50,920.41,70.09,196.94,0.93,-1,-1,-1
252,1,292.80,918.48,74.42,193.00,0.92,-1,-1,-1
252,2,548.92,922.78,73.15,192.16,0.93,-1,-1,-1
252,3,362.68,922.25,72.97,195.11,0.92,-1,-1,-1
252,4,451.49,920.46,69.69,195.82,0.93,-1,-1,-1
253,1,291.95,919.32,73.50,191.44,0.91,-1,-1,-1
253,2,547.75,923.26,72.41,190.26,0.93,-1,-1,-1
253,3,362.42,922.68,72.29,194.38,0.93,-1,-1,-1
253,4,451.24,920.47,69.25,194.63,0.93,-1,-1,-1
254,1,291.33,919.24,73.47,191.66,0.91,-1,-1,-1
254,2,546.18,922.64,71.70,188.77,0.94,-1,-1,-1
254,3,361.49,921.64,72.14,194.93,0.93,-1,-1,-1
254,4,451.04,919.67,68.91,194.21,0.93,-1,-1,-1
255,1,291.74,920.01,72.92,190.96,0.91,-1,-1,-1
255,2,544.43,921.20,71.29,188.24,0.93,-1,-1,-1
255,3,360.64,921.25,71.91,195.17,0.92,-1,-1,-1
255,4,450.67,917.78,69.00,194.88,0.93,-1,-1,-1
256,1,291.98,919.90,72.57,190.72,0.92,-1,-1,-1
256,2,543.87,920.65,71.03,188.08,0.93,-1,-1,-1
256,3,360.42,921.09,71.65,195.28,0.92,-1,-1,-1
256,4,450.57,917.07,68.96,195.16,0.93,-1,-1,-1
