0,1,241.82,525.83,146.64,541.35,0.94,-1,-1,-1
0,2,399.60,473.51,162.68,688.84,0.91,-1,-1,-1
0,3,1651.05,646.99,48.60,109.01,0.80,-1,-1,-1
0,4,1688.85,643.61,40.50,101.59,0.76,-1,-1,-1
1,1,242.26,526.41,146.35,540.18,0.94,-1,-1,-1
1,2,398.85,473.51,162.42,687.67,0.92,-1,-1,-1
1,3,1652.16,646.69,48.73,109.31,0.81,-1,-1,-1
1,4,1688.42,643.91,41.35,103.64,0.79,-1,-1,-1
2,1,242.38,526.51,146.60,541.03,0.94,-1,-1,-1
2,2,398.50,474.04,162.82,689.05,0.91,-1,-1,-1
2,3,1652.33,646.91,50.89,114.35,0.83,-1,-1,-1
2,4,1689.41,644.48,41.46,103.99,0.78,-1,-1,-1
3,1,242.59,526.53,146.72,541.32,0.94,-1,-1,-1
3,2,398.29,474.72,162.67,687.95,0.91,-1,-1,-1
3,3,1652.68,646.98,50.95,114.44,0.82,-1,-1,-1
3,4,1689.90,644.91,41.17,103.29,0.78,-1,-1,-1
4,1,242.96,527.03,146.50,540.41,0.94,-1,-1,-1
4,2,398.07,474.92,162.93,688.58,0.91,-1,-1,-1
4,3,1653.24,647.49,49.98,112.34,0.83,-1,-1,-1
4,4,1690.04,645.04,41.04,103.04,0.78,-1,-1,-1
5,1,243.53,527.67,146.49,540.09,0.94,-1,-1,-1
5,2,397.88,474.97,163.28,689.76,0.91,-1,-1,-1
5,3,1654.18,647.91,50.03,112.27,0.84,-1,-1,-1
5,4,1691.29,645.06,40.48,101.99,0.76,-1,-1,-1
6,1,243.35,527.89,146.27,539.04,0.94,-1,-1,-1
6,2,397.81,474.98,162.96,688.27,0.91,-1,-1,-1
6,3,1654.54,648.51,49.93,112.22,0.84,-1,-1,-1
6,4,1691.55,644.82,40.61,102.34,0.78,-1,-1,-1
7,1,243.48,528.42,146.23,538.67,0.94,-1,-1,-1
7,2,397.70,474.96,163.03,688.66,0.91,-1,-1,-1
7,3,1654.86,648.72,49.46,111.26,0.83,-1,-1,-1
7,4,1692.69,644.96,40.40,101.78,0.78,-1,-1,-1
8,1,243.03,528.13,146.51,539.47,0.94,-1,-1,-1
8,2,397.59,474.95,162.74,687.88,0.91,-1,-1,-1
8,3,1655.16,648.78,48.89,109.98,0.82,-1,-1,-1
8,4,1693.16,645.00,40.14,101.58,0.77,-1,-1,-1
9,1,242.90,528.02,146.64,539.78,0.94,-1,-1,-1
9,2,397.84,474.94,162.53,687.59,0.91,-1,-1,-1
9,3,1655.29,649.02,48.59,109.27,0.82,-1,-1,-1
9,4,1693.41,644.78,39.87,101.29,0.77,-1,-1,-1
10,1,242.87,527.96,146.76,539.90,0.94,-1,-1,-1
10,2,398.27,474.93,161.79,684.76,0.91,-1,-1,-1
10,3,1655.45,649.32,48.21,108.34,0.81,-1,-1,-1
10,4,1694.01,645.15,40.51,103.01,0.78,-1,-1,-1
11,1,242.95,527.94,147.08,540.85,0.94,-1,-1,-1
11,2,398.27,475.37,161.84,685.98,0.91,-1,-1,-1
11,3,1655.93,649.43,49.04,109.82,0.83,-1,-1,-1
11,4,1693.33,644.84,40.73,103.65,0.76,-1,-1,-1
12,1,242.42,527.92,147.29,541.21,0.94,-1,-1,-1
12,2,398.76,475.08,161.34,685.10,0.91,-1,-1,-1
12,3,1656.05,650.35,49.44,110.38,0.82,-1,-1,-1
12,4,1693.02,644.94,40.88,104.11,0.77,-1,-1,-1
13,1,242.42,528.36,147.20,540.44,0.94,-1,-1,-1
13,2,399.59,475.42,160.76,683.43,0.91,-1,-1,-1
13,3,1656.93,650.69,49.68,110.59,0.82,-1,-1,-1
13,4,1692.63,644.75,41.44,105.85,0.77,-1,-1,-1
14,1,242.52,528.52,147.30,540.15,0.93,-1,-1,-1
14,2,400.33,475.99,159.68,679.67,0.91,-1,-1,-1
14,3,1657.21,650.81,49.85,110.67,0.83,-1,-1,-1
14,4,1693.51,644.90,41.36,105.83,0.78,-1,-1,-1
15,1,242.72,528.13,147.58,540.94,0.94,-1,-1,-1
15,2,401.29,476.65,159.27,678.74,0.91,-1,-1,-1
15,3,1656.19,650.84,50.34,111.60,0.82,-1,-1,-1
15,4,1693.75,645.18,41.51,106.48,0.78,-1,-1,-1
16,1,242.75,528.42,147.53,540.34,0.93,-1,-1,-1
16,2,402.23,477.33,159.29,679.77,0.91,-1,-1,-1
16,3,1656.70,651.06,50.48,111.72,0.82,-1,-1,-1
16,4,1693.59,644.84,42.04,107.60,0.78,-1,-1,-1
17,1,242.60,528.53,147.61,540.11,0.93,-1,-1,-1
17,2,403.49,478.48,158.83,678.39,0.91,-1,-1,-1
17,3,1656.69,651.14,50.92,112.65,0.83,-1,-1,-1
17,4,1694.41,644.93,42.22,107.79,0.79,-1,-1,-1
18,1,242.50,528.56,147.61,540.02,0.94,-1,-1,-1
18,2,404.98,479.34,158.37,676.56,0.91,-1,-1,-1
18,3,1656.76,650.71,50.92,112.55,0.82,-1,-1,-1
18,4,1694.81,645.18,42.11,107.18,0.79,-1,-1,-1
19,1,242.55,528.57,147.66,539.99,0.93,-1,-1,-1
19,2,406.11,479.65,157.95,674.11,0.91,-1,-1,-1
19,3,1657.40,650.76,51.45,113.18,0.83,-1,-1,-1
19,4,1694.87,644.61,42.21,107.15,0.80,-1,-1,-1
20,1,242.65,529.02,147.62,539.98,0.93,-1,-1,-1
20,2,407.57,480.20,157.92,672.78,0.91,-1,-1,-1
20,3,1657.32,650.77,50.49,110.74,0.81,-1,-1,-1
20,4,1694.78,644.39,42.45,107.58,0.78,-1,-1,-1
21,1,242.92,529.18,147.70,539.98,0.93,-1,-1,-1
21,2,409.00,480.61,157.90,672.10,0.91,-1,-1,-1
21,3,1657.53,650.55,51.41,112.27,0.82,-1,-1,-1
21,4,1694.94,644.76,42.12,106.39,0.78,-1,-1,-1
22,1,243.10,529.69,147.57,539.09,0.93,-1,-1,-1
22,2,411.00,482.76,158.48,673.45,0.90,-1,-1,-1
22,3,1657.62,650.24,51.71,113.05,0.82,-1,-1,-1
22,4,1694.84,645.12,42.30,106.60,0.79,-1,-1,-1
23,1,243.05,530.32,147.43,538.75,0.93,-1,-1,-1
23,2,412.49,483.56,158.97,673.99,0.90,-1,-1,-1
23,3,1657.40,650.34,52.31,114.02,0.83,-1,-1,-1
23,4,1694.62,645.25,42.71,107.57,0.79,-1,-1,-1
24,1,243.16,530.55,147.44,538.63,0.93,-1,-1,-1
24,2,414.33,483.38,159.64,674.67,0.90,-1,-1,-1
24,3,1657.49,650.37,52.19,113.93,0.84,-1,-1,-1
24,4,1694.82,645.30,42.28,106.15,0.79,-1,-1,-1
25,1,243.19,531.07,147.57,538.59,0.93,-1,-1,-1
25,2,416.40,482.85,160.64,675.40,0.90,-1,-1,-1
25,3,1658.34,650.16,52.26,113.66,0.83,-1,-1,-1
25,4,1694.86,645.32,42.18,105.60,0.80,-1,-1,-1
26,1,243.55,531.26,147.48,537.69,0.93,-1,-1,-1
26,2,418.49,482.62,161.89,676.58,0.90,-1,-1,-1
26,3,1658.73,650.08,52.13,113.55,0.83,-1,-1,-1
26,4,1695.73,645.77,42.21,105.39,0.79,-1,-1,-1
27,1,243.77,531.32,147.49,537.36,0.93,-1,-1,-1
27,2,419.41,482.53,163.34,677.04,0.90,-1,-1,-1
27,3,1658.58,650.05,52.64,114.39,0.84,-1,-1,-1
27,4,1696.02,645.94,42.27,105.32,0.78,-1,-1,-1
28,1,244.27,531.78,147.56,537.24,0.93,-1,-1,-1
28,2,421.09,482.03,165.55,679.45,0.90,-1,-1,-1
28,3,1658.66,650.04,52.55,113.82,0.82,-1,-1,-1
28,4,1696.10,646.44,42.35,105.29,0.79,-1,-1,-1
29,1,244.80,532.17,147.66,536.98,0.93,-1,-1,-1
29,2,421.53,482.72,167.58,680.36,0.91,-1,-1,-1
29,3,1658.54,649.81,52.78,114.70,0.82,-1,-1,-1
29,4,1695.94,646.63,42.73,106.17,0.78,-1,-1,-1
30,1,245.84,532.53,147.90,537.12,0.93,-1,-1,-1
30,2,422.50,484.31,169.28,678.47,0.91,-1,-1,-1
30,3,1658.93,650.39,51.99,113.03,0.83,-1,-1,-1
30,4,1696.41,646.47,41.79,104.06,0.76,-1,-1,-1
31,1,246.84,532.43,148.11,536.95,0.93,-1,-1,-1
31,2,423.39,485.35,171.42,676.40,0.91,-1,-1,-1
31,3,1659.08,650.61,51.67,112.39,0.81,-1,-1,-1
31,4,1696.36,647.08,41.88,103.93,0.78,-1,-1,-1
32,1,248.24,531.94,148.34,536.45,0.93,-1,-1,-1
32,2,423.37,486.17,174.17,676.07,0.91,-1,-1,-1
32,3,1659.39,650.92,51.02,111.47,0.82,-1,-1,-1
32,4,1696.14,647.30,42.29,104.78,0.78,-1,-1,-1
33,1,250.10,532.19,149.09,536.72,0.93,-1,-1,-1
33,2,423.76,487.35,176.96,675.07,0.90,-1,-1,-1
33,3,1659.61,651.25,50.56,110.91,0.81,-1,-1,-1
33,4,1695.92,647.60,42.72,105.77,0.79,-1,-1,-1
34,1,252.24,532.72,149.79,536.38,0.93,-1,-1,-1
34,2,424.62,487.77,180.92,677.37,0.89,-1,-1,-1
34,3,1659.05,651.60,49.85,109.58,0.80,-1,-1,-1
34,4,1696.05,648.60,42.44,104.81,0.78,-1,-1,-1
35,1,254.18,532.92,150.85,536.26,0.93,-1,-1,-1
35,2,427.90,488.36,184.85,676.91,0.90,-1,-1,-1
35,3,1658.82,651.95,49.62,109.32,0.79,-1,-1,-1
35,4,1696.07,648.97,42.38,104.45,0.78,-1,-1,-1
36,1,256.12,532.76,152.67,537.78,0.94,-1,-1,-1
36,2,431.91,489.00,189.12,674.51,0.90,-1,-1,-1
36,3,1659.66,652.52,49.49,109.23,0.80,-1,-1,-1
36,4,1697.41,649.99,41.48,101.63,0.74,-1,-1,-1
37,1,258.70,532.70,154.71,538.36,0.94,-1,-1,-1
37,2,436.77,489.67,195.04,674.95,0.90,-1,-1,-1
37,3,1660.17,653.18,49.04,108.32,0.81,-1,-1,-1
37,4,1697.14,650.59,40.87,99.44,0.74,-1,-1,-1
38,1,261.68,533.11,156.93,537.68,0.94,-1,-1,-1
38,2,439.42,490.35,201.23,675.57,0.90,-1,-1,-1
38,3,1660.02,653.41,49.56,109.78,0.81,-1,-1,-1
38,4,1695.98,650.57,40.95,99.78,0.75,-1,-1,-1
39,1,263.98,533.04,159.54,536.76,0.94,-1,-1,-1
39,2,443.30,490.13,207.36,674.47,0.89,-1,-1,-1
39,3,1660.93,653.94,49.59,109.44,0.81,-1,-1,-1
39,4,1695.32,650.32,41.44,100.59,0.76,-1,-1,-1
40,1,266.19,533.45,162.60,536.86,0.94,-1,-1,-1
40,2,446.08,490.47,214.36,676.30,0.90,-1,-1,-1
40,3,1660.50,654.35,49.36,109.10,0.80,-1,-1,-1
40,4,1694.70,650.44,40.59,98.46,0.74,-1,-1,-1
41,1,268.82,533.60,166.15,536.90,0.94,-1,-1,-1
41,2,448.58,491.92,220.49,676.55,0.90,-1,-1,-1
41,3,1660.52,654.49,48.89,108.08,0.78,-1,-1,-1
41,4,1694.37,650.48,40.45,98.11,0.71,-1,-1,-1
42,1,270.44,534.10,169.62,536.47,0.94,-1,-1,-1
42,2,449.75,494.46,225.15,672.85,0.90,-1,-1,-1
42,3,1662.54,654.99,48.27,105.91,0.77,-1,-1,-1
42,4,1693.95,650.70,39.22,94.63,0.70,-1,-1,-1
43,1,272.15,534.72,173.92,536.76,0.94,-1,-1,-1
43,2,451.93,496.28,230.25,668.78,0.90,-1,-1,-1
43,3,1662.33,655.61,48.16,105.56,0.78,-1,-1,-1
43,4,1693.42,650.32,39.51,95.17,0.71,-1,-1,-1
44,1,275.43,535.40,178.65,536.42,0.93,-1,-1,-1
44,2,452.10,496.49,235.83,667.26,0.90,-1,-1,-1
44,3,1663.77,655.83,48.66,105.45,0.78,-1,-1,-1
44,4,1692.94,649.95,40.23,96.97,0.72,-1,-1,-1
45,1,275.92,536.09,183.38,536.75,0.93,-1,-1,-1
45,2,451.66,496.53,241.96,667.62,0.90,-1,-1,-1
45,3,1664.15,655.90,49.15,105.43,0.79,-1,-1,-1
45,4,1692.89,649.59,40.26,96.98,0.73,-1,-1,-1
46,1,275.76,536.56,187.76,536.20,0.93,-1,-1,-1
46,2,452.19,496.97,246.82,666.00,0.89,-1,-1,-1
46,3,1663.87,656.36,50.14,106.78,0.80,-1,-1,-1
46,4,1693.48,649.45,40.85,97.90,0.75,-1,-1,-1
47,1,276.80,536.72,192.44,536.00,0.92,-1,-1,-1
47,2,451.86,496.65,251.41,667.20,0.89,-1,-1,-1
47,3,1663.83,656.52,50.35,106.41,0.78,-1,-1,-1
47,4,1693.49,649.39,41.52,99.15,0.74,-1,-1,-1
48,1,276.92,537.22,196.43,535.04,0.93,-1,-1,-1
48,2,450.23,497.18,258.33,673.71,0.89,-1,-1,-1
48,3,1664.23,656.57,51.36,108.06,0.79,-1,-1,-1
48,4,1692.38,648.70,42.24,100.74,0.75,-1,-1,-1
49,1,278.47,537.62,200.40,533.56,0.93,-1,-1,-1
49,2,448.19,497.35,263.97,677.96,0.88,-1,-1,-1
49,3,1664.93,656.80,50.62,106.24,0.78,-1,-1,-1
49,4,1692.14,649.11,42.16,100.23,0.74,-1,-1,-1
50,1,278.17,538.20,204.32,532.57,0.94,-1,-1,-1
50,2,449.37,497.84,266.62,675.56,0.88,-1,-1,-1
50,3,1665.07,656.65,50.56,105.32,0.78,-1,-1,-1
50,4,1691.82,648.15,42.59,101.15,0.73,-1,-1,-1
51,1,278.27,538.85,208.73,532.65,0.94,-1,-1,-1
51,2,452.94,496.45,268.27,671.72,0.87,-1,-1,-1
51,3,1665.09,656.58,50.56,104.54,0.77,-1,-1,-1
51,4,1691.90,648.46,42.37,100.38,0.72,-1,-1,-1
52,1,278.03,539.97,212.96,532.70,0.94,-1,-1,-1
52,2,456.88,496.35,269.04,666.69,0.88,-1,-1,-1
52,3,1665.35,656.77,50.04,103.14,0.77,-1,-1,-1
52,4,1690.89,648.35,42.59,100.75,0.73,-1,-1,-1
53,1,277.70,540.16,216.63,532.06,0.94,-1,-1,-1
53,2,458.04,494.50,271.75,666.60,0.89,-1,-1,-1
53,3,1665.44,656.84,49.82,101.73,0.77,-1,-1,-1
53,4,1691.80,648.32,41.89,98.66,0.71,-1,-1,-1
54,1,276.36,540.88,220.22,532.06,0.94,-1,-1,-1
54,2,461.32,492.02,273.75,666.59,0.89,-1,-1,-1
54,3,1664.39,656.40,51.89,105.73,0.78,-1,-1,-1
54,4,1691.49,648.53,42.95,101.23,0.74,-1,-1,-1
55,1,277.62,540.91,223.67,530.95,0.94,-1,-1,-1
55,2,464.78,491.53,275.16,663.93,0.88,-1,-1,-1
55,3,1664.42,656.90,51.80,105.66,0.78,-1,-1,-1
55,4,1692.39,648.83,43.08,101.52,0.72,-1,-1,-1
56,1,277.23,540.90,226.96,530.55,0.94,-1,-1,-1
56,2,467.73,489.57,277.73,664.74,0.87,-1,-1,-1
56,3,1663.80,656.42,53.02,108.08,0.78,-1,-1,-1
56,4,1691.37,648.95,44.10,104.29,0.73,-1,-1,-1
57,1,275.69,539.54,230.82,533.09,0.93,-1,-1,-1
57,2,475.57,487.50,279.03,666.85,0.86,-1,-1,-1
57,3,1664.24,656.24,53.88,109.87,0.79,-1,-1,-1
57,4,1690.91,649.22,44.64,105.99,0.73,-1,-1,-1
58,1,276.49,539.02,233.02,533.17,0.93,-1,-1,-1
58,2,482.96,486.74,279.07,666.78,0.87,-1,-1,-1
58,3,1663.62,655.95,54.02,110.77,0.79,-1,-1,-1
58,4,1691.35,649.32,45.38,108.38,0.74,-1,-1,-1
59,1,275.69,537.48,235.80,534.99,0.93,-1,-1,-1
59,2,490.93,485.59,277.56,664.98,0.88,-1,-1,-1
59,3,1664.57,655.83,53.43,109.33,0.77,-1,-1,-1
59,4,1692.65,650.89,43.40,103.35,0.51,-1,-1,-1
60,1,276.68,536.22,237.67,535.90,0.93,-1,-1,-1
60,2,498.75,484.28,276.40,666.10,0.90,-1,-1,-1
60,3,1664.77,656.01,53.53,109.43,0.77,-1,-1,-1
60,4,1693.11,651.06,42.72,102.24,0.64,-1,-1,-1
61,1,277.80,535.08,239.42,537.79,0.93,-1,-1,-1
61,2,513.15,483.82,272.97,662.97,0.89,-1,-1,-1
61,3,1663.93,655.63,53.59,109.46,0.76,-1,-1,-1
61,4,1693.08,650.89,42.86,102.49,0.64,-1,-1,-1
62,1,277.32,534.22,240.86,537.61,0.93,-1,-1,-1
62,2,524.98,482.78,270.11,662.69,0.90,-1,-1,-1
62,3,1664.30,655.27,52.24,106.12,0.73,-1,-1,-1
62,4,1693.25,651.71,42.55,100.80,0.53,-1,-1,-1
63,1,279.39,533.68,241.66,537.30,0.93,-1,-1,-1
63,2,536.80,480.18,267.91,667.07,0.89,-1,-1,-1
63,3,1664.17,655.13,52.25,105.74,0.73,-1,-1,-1
63,4,1692.16,651.79,42.94,101.73,0.63,-1,-1,-1
64,1,282.96,533.27,241.15,535.61,0.94,-1,-1,-1
64,2,551.63,478.35,264.55,670.52,0.89,-1,-1,-1
64,3,1663.30,655.08,52.10,105.61,0.74,-1,-1,-1
64,4,1691.62,652.26,43.35,102.08,0.66,-1,-1,-1
65,1,288.78,532.68,239.81,534.96,0.94,-1,-1,-1
65,2,572.10,476.35,259.06,669.15,0.89,-1,-1,-1
65,3,1663.18,655.29,53.42,108.92,0.77,-1,-1,-1
65,4,1690.82,652.65,44.69,105.11,0.71,-1,-1,-1
66,1,297.30,532.03,236.08,532.04,0.93,-1,-1,-1
66,2,595.14,476.09,253.24,671.29,0.89,-1,-1,-1
66,3,1662.49,655.14,55.21,113.03,0.77,-1,-1,-1
66,4,1690.67,653.23,44.91,105.36,0.64,-1,-1,-1
67,1,304.78,532.24,232.10,529.15,0.93,-1,-1,-1
67,2,617.35,476.25,247.40,673.65,0.89,-1,-1,-1
67,3,1662.52,655.31,55.30,113.49,0.77,-1,-1,-1
67,4,1690.72,653.44,44.78,105.44,0.64,-1,-1,-1
68,1,313.12,531.45,227.84,528.08,0.93,-1,-1,-1
68,2,635.51,476.35,242.92,676.31,0.90,-1,-1,-1
68,3,1662.28,655.60,55.83,115.63,0.77,-1,-1,-1
68,4,1690.63,653.51,44.97,106.35,0.68,-1,-1,-1
69,1,324.22,531.38,222.59,527.03,0.92,-1,-1,-1
69,2,649.88,476.42,239.41,678.18,0.91,-1,-1,-1
69,3,1662.25,655.49,55.91,116.21,0.77,-1,-1,-1
69,4,1689.76,653.97,44.93,106.68,0.66,-1,-1,-1
70,1,335.08,530.71,216.79,527.33,0.92,-1,-1,-1
70,2,660.04,476.48,237.80,681.52,0.91,-1,-1,-1
70,3,1661.78,655.89,55.10,114.63,0.75,-1,-1,-1
70,4,1690.05,653.47,45.47,107.90,0.67,-1,-1,-1
71,1,348.49,531.36,209.96,525.69,0.92,-1,-1,-1
71,2,668.25,476.53,237.15,683.64,0.91,-1,-1,-1
71,3,1662.12,655.82,53.74,111.55,0.72,-1,-1,-1
71,4,1689.51,653.71,45.20,107.02,0.62,-1,-1,-1
72,1,364.89,531.62,203.99,527.77,0.92,-1,-1,-1
72,2,675.04,476.57,238.71,687.06,0.91,-1,-1,-1
72,3,1661.53,656.91,51.08,105.64,0.70,-1,-1,-1
72,4,1689.72,654.02,44.27,104.22,0.59,-1,-1,-1
73,1,378.86,531.28,198.25,529.47,0.93,-1,-1,-1
73,2,677.86,477.50,241.10,689.20,0.90,-1,-1,-1
73,3,1661.32,658.01,50.07,103.19,0.71,-1,-1,-1
73,4,1689.11,654.35,43.53,102.46,0.61,-1,-1,-1
74,1,389.77,531.61,193.70,531.02,0.93,-1,-1,-1
74,2,682.82,479.20,243.45,687.73,0.90,-1,-1,-1
74,3,1661.20,658.40,49.81,102.32,0.69,-1,-1,-1
74,4,1688.79,654.69,43.43,101.59,0.52,-1,-1,-1
75,1,397.84,531.30,190.72,533.39,0.93,-1,-1,-1
75,2,687.75,479.41,247.48,689.34,0.91,-1,-1,-1
75,3,1660.31,658.53,49.62,101.58,0.71,-1,-1,-1
75,4,1688.45,654.36,43.87,102.17,0.66,-1,-1,-1
76,1,405.73,531.85,188.31,533.17,0.93,-1,-1,-1
76,2,691.74,481.28,250.95,688.12,0.91,-1,-1,-1
76,3,1660.71,658.57,49.92,101.33,0.68,-1,-1,-1
76,4,1688.30,654.45,44.09,100.83,0.51,-1,-1,-1
77,1,414.98,532.96,186.82,529.51,0.94,-1,-1,-1
77,2,696.12,481.09,255.60,688.50,0.91,-1,-1,-1
77,3,1659.07,659.25,50.05,100.15,0.70,-1,-1,-1
77,4,1688.39,654.71,43.91,99.21,0.62,-1,-1,-1
78,1,423.96,533.61,188.61,528.34,0.94,-1,-1,-1
78,2,699.62,481.91,260.81,689.49,0.90,-1,-1,-1
78,3,1658.70,660.17,49.62,99.51,0.71,-1,-1,-1
78,4,1687.78,654.79,45.14,101.32,0.70,-1,-1,-1
79,1,430.74,532.96,193.11,530.59,0.94,-1,-1,-1
79,2,704.01,483.11,265.13,684.49,0.90,-1,-1,-1
79,3,1657.47,660.73,49.90,100.43,0.73,-1,-1,-1
79,4,1687.13,654.38,46.44,103.89,0.71,-1,-1,-1
80,1,437.37,534.04,197.69,528.77,0.93,-1,-1,-1
80,2,705.68,484.89,270.77,683.90,0.91,-1,-1,-1
80,3,1657.00,661.37,50.05,101.69,0.75,-1,-1,-1
80,4,1686.68,654.88,47.36,106.41,0.74,-1,-1,-1
81,1,441.94,534.68,203.19,527.86,0.93,-1,-1,-1
81,2,707.05,486.45,275.05,679.20,0.91,-1,-1,-1
81,3,1656.98,661.37,49.83,101.51,0.75,-1,-1,-1
81,4,1685.86,654.84,47.27,105.83,0.73,-1,-1,-1
82,1,445.48,534.69,208.64,526.86,0.93,-1,-1,-1
82,2,708.07,487.46,280.18,677.87,0.91,-1,-1,-1
82,3,1656.84,661.36,50.06,102.35,0.75,-1,-1,-1
82,4,1685.17,654.60,47.99,108.03,0.75,-1,-1,-1
83,1,447.53,534.69,214.48,526.49,0.93,-1,-1,-1
83,2,709.25,488.27,285.56,676.94,0.91,-1,-1,-1
83,3,1655.68,661.34,50.61,104.01,0.76,-1,-1,-1
83,4,1684.74,654.07,48.62,110.17,0.76,-1,-1,-1
84,1,448.28,534.23,220.16,526.37,0.94,-1,-1,-1
84,2,711.96,487.65,289.68,673.92,0.90,-1,-1,-1
84,3,1654.33,661.99,50.89,105.75,0.77,-1,-1,-1
84,4,1684.34,653.42,49.34,112.73,0.77,-1,-1,-1
85,1,447.74,534.50,225.66,526.34,0.93,-1,-1,-1
85,2,715.17,486.50,294.39,673.70,0.90,-1,-1,-1
85,3,1653.29,662.22,50.33,105.53,0.76,-1,-1,-1
85,4,1684.51,653.83,48.98,112.59,0.75,-1,-1,-1
86,1,445.52,534.38,230.12,526.56,0.93,-1,-1,-1
86,2,719.46,485.61,298.45,674.99,0.91,-1,-1,-1
86,3,1653.79,661.85,50.13,105.43,0.77,-1,-1,-1
86,4,1683.99,653.33,48.26,111.40,0.77,-1,-1,-1
87,1,444.52,534.10,234.35,527.33,0.93,-1,-1,-1
87,2,725.69,483.03,300.09,673.27,0.91,-1,-1,-1
87,3,1653.34,662.15,49.61,104.50,0.76,-1,-1,-1
87,4,1684.11,653.13,47.37,109.58,0.76,-1,-1,-1
88,1,446.00,533.11,238.50,529.41,0.93,-1,-1,-1
88,2,727.03,481.15,304.03,678.00,0.91,-1,-1,-1
88,3,1653.09,662.25,49.62,104.14,0.76,-1,-1,-1
88,4,1683.55,653.51,46.48,107.52,0.76,-1,-1,-1
89,1,446.28,531.84,241.58,530.20,0.92,-1,-1,-1
89,2,731.63,480.68,303.13,673.34,0.91,-1,-1,-1
89,3,1652.11,662.06,49.64,103.78,0.75,-1,-1,-1
89,4,1683.43,653.66,45.97,106.29,0.75,-1,-1,-1
90,1,448.24,530.25,244.24,532.05,0.93,-1,-1,-1
90,2,731.45,479.62,302.54,668.00,0.89,-1,-1,-1
90,3,1651.40,662.64,48.58,102.09,0.75,-1,-1,-1
90,4,1682.87,654.38,45.04,103.81,0.76,-1,-1,-1
91,1,447.40,529.44,246.30,532.97,0.94,-1,-1,-1
91,2,736.75,476.54,302.78,668.70,0.89,-1,-1,-1
91,3,1651.05,662.18,48.41,101.67,0.75,-1,-1,-1
91,4,1683.08,654.20,45.70,104.69,0.76,-1,-1,-1
92,1,449.95,527.81,247.89,535.08,0.94,-1,-1,-1
92,2,746.71,475.41,299.05,664.53,0.90,-1,-1,-1
92,3,1649.34,661.33,49.74,104.89,0.76,-1,-1,-1
92,4,1682.80,654.81,46.68,106.59,0.77,-1,-1,-1
93,1,457.03,527.65,246.66,534.97,0.93,-1,-1,-1
93,2,754.55,473.22,295.33,662.10,0.91,-1,-1,-1
93,3,1649.14,661.23,49.41,104.98,0.76,-1,-1,-1
93,4,1682.78,655.25,46.88,106.64,0.76,-1,-1,-1
94,1,466.51,526.72,244.09,535.80,0.93,-1,-1,-1
94,2,764.01,472.43,289.43,656.76,0.91,-1,-1,-1
94,3,1648.65,660.53,50.16,107.02,0.78,-1,-1,-1
94,4,1682.53,655.64,47.47,107.77,0.76,-1,-1,-1
95,1,474.86,526.39,240.38,536.09,0.93,-1,-1,-1
95,2,775.09,471.28,283.38,653.92,0.91,-1,-1,-1
95,3,1648.24,660.48,50.95,109.32,0.78,-1,-1,-1
95,4,1681.96,656.23,48.67,109.98,0.78,-1,-1,-1
96,1,482.76,525.84,236.27,537.07,0.92,-1,-1,-1
96,2,788.45,469.98,278.38,657.40,0.89,-1,-1,-1
96,3,1646.46,660.91,51.00,110.63,0.79,-1,-1,-1
96,4,1680.80,656.44,49.24,110.80,0.79,-1,-1,-1
97,1,491.63,525.21,231.26,538.31,0.92,-1,-1,-1
97,2,805.47,469.53,271.70,657.88,0.89,-1,-1,-1
97,3,1645.99,661.29,50.63,110.89,0.80,-1,-1,-1
97,4,1680.70,657.84,48.80,109.78,0.76,-1,-1,-1
98,1,503.24,524.54,225.41,539.65,0.91,-1,-1,-1
98,2,832.01,468.51,263.26,658.11,0.89,-1,-1,-1
98,3,1645.84,661.22,50.48,111.63,0.79,-1,-1,-1
98,4,1679.57,657.70,49.05,110.48,0.77,-1,-1,-1
99,1,517.91,524.31,219.36,540.13,0.93,-1,-1,-1
99,2,858.19,469.05,253.05,654.67,0.90,-1,-1,-1
99,3,1646.22,660.75,51.36,113.66,0.78,-1,-1,-1
99,4,1678.36,658.08,47.17,106.30,0.70,-1,-1,-1
100,1,533.94,523.57,213.08,541.40,0.91,-1,-1,-1
100,2,878.40,468.39,247.48,662.36,0.90,-1,-1,-1
100,3,1646.12,661.23,50.47,111.99,0.77,-1,-1,-1
100,4,1677.58,657.76,47.12,106.48,0.72,-1,-1,-1
101,1,549.34,522.65,206.46,542.52,0.92,-1,-1,-1
101,2,893.24,467.95,242.58,669.94,0.91,-1,-1,-1
101,3,1646.35,661.42,49.61,109.53,0.76,-1,-1,-1
101,4,1676.67,657.86,46.60,105.43,0.71,-1,-1,-1
102,1,562.41,522.99,200.28,542.24,0.91,-1,-1,-1
102,2,905.79,468.25,238.49,676.80,0.91,-1,-1,-1
102,3,1645.22,661.93,48.20,106.78,0.75,-1,-1,-1
102,4,1675.12,657.66,47.07,106.17,0.72,-1,-1,-1
103,1,572.87,523.36,194.58,540.10,0.92,-1,-1,-1
103,2,915.90,468.40,233.42,678.50,0.91,-1,-1,-1
103,3,1644.26,663.03,46.97,104.85,0.75,-1,-1,-1
103,4,1675.67,657.80,46.80,105.78,0.75,-1,-1,-1
104,1,580.70,523.97,190.11,538.38,0.92,-1,-1,-1
104,2,926.13,466.25,229.39,680.43,0.91,-1,-1,-1
104,3,1643.11,663.43,46.33,104.14,0.74,-1,-1,-1
104,4,1675.21,658.30,46.32,104.74,0.74,-1,-1,-1
105,1,589.62,524.43,188.38,537.04,0.93,-1,-1,-1
105,2,934.85,468.13,226.28,682.89,0.90,-1,-1,-1
105,3,1642.76,663.34,46.01,104.11,0.74,-1,-1,-1
105,4,1675.10,658.70,46.05,104.13,0.73,-1,-1,-1
106,1,598.25,524.17,189.58,536.98,0.93,-1,-1,-1
106,2,943.00,468.42,224.41,685.99,0.90,-1,-1,-1
106,3,1641.66,663.30,47.87,109.05,0.76,-1,-1,-1
106,4,1673.98,659.07,46.37,105.04,0.70,-1,-1,-1
107,1,605.94,523.41,193.30,538.97,0.93,-1,-1,-1
107,2,955.41,469.87,224.73,685.77,0.89,-1,-1,-1
107,3,1641.53,663.07,48.06,109.34,0.75,-1,-1,-1
107,4,1673.37,659.20,45.11,101.81,0.60,-1,-1,-1
108,1,612.90,523.13,198.03,539.72,0.93,-1,-1,-1
108,2,965.49,471.77,227.60,686.96,0.89,-1,-1,-1
108,3,1640.74,663.41,47.89,109.44,0.76,-1,-1,-1
108,4,1671.63,659.23,45.91,103.76,0.73,-1,-1,-1
109,1,618.71,523.48,202.88,538.21,0.93,-1,-1,-1
109,2,973.33,473.83,231.43,683.36,0.89,-1,-1,-1
109,3,1640.94,663.09,48.64,111.25,0.74,-1,-1,-1
109,4,1669.75,658.57,46.94,106.48,0.71,-1,-1,-1
110,1,622.33,523.85,208.15,537.41,0.94,-1,-1,-1
110,2,980.13,475.05,236.90,680.59,0.89,-1,-1,-1
110,3,1639.95,664.07,47.57,109.05,0.74,-1,-1,-1
110,4,1669.41,658.32,46.64,106.63,0.73,-1,-1,-1
111,1,623.79,523.77,213.79,537.33,0.94,-1,-1,-1
111,2,983.49,475.95,242.83,677.29,0.90,-1,-1,-1
111,3,1638.94,664.89,46.68,106.39,0.73,-1,-1,-1
111,4,1668.68,658.66,46.00,105.80,0.72,-1,-1,-1
112,1,625.73,524.19,219.91,537.30,0.93,-1,-1,-1
112,2,987.87,476.50,248.79,673.12,0.89,-1,-1,-1
112,3,1639.11,665.87,45.29,102.91,0.74,-1,-1,-1
112,4,1668.51,658.79,45.62,105.47,0.73,-1,-1,-1
113,1,625.26,524.36,225.83,537.29,0.92,-1,-1,-1
113,2,989.89,477.58,254.90,669.76,0.89,-1,-1,-1
113,3,1638.35,665.76,46.48,105.25,0.75,-1,-1,-1
113,4,1667.19,658.83,46.26,107.14,0.68,-1,-1,-1
114,1,625.02,524.64,231.21,536.62,0.93,-1,-1,-1
114,2,993.30,478.41,262.79,670.31,0.88,-1,-1,-1
114,3,1638.33,666.39,44.65,100.54,0.73,-1,-1,-1
114,4,1667.23,658.40,45.48,105.10,0.67,-1,-1,-1
115,1,626.03,524.53,235.89,536.14,0.93,-1,-1,-1
115,2,994.28,480.05,268.37,666.07,0.90,-1,-1,-1
115,3,1637.52,666.38,43.81,98.06,0.73,-1,-1,-1
115,4,1666.24,657.56,45.47,104.98,0.70,-1,-1,-1
116,1,623.19,524.49,240.95,536.86,0.93,-1,-1,-1
116,2,993.54,479.30,273.79,662.71,0.89,-1,-1,-1
116,3,1637.39,666.37,45.05,100.82,0.75,-1,-1,-1
116,4,1664.62,657.47,46.24,106.95,0.71,-1,-1,-1
117,1,622.54,524.47,244.48,536.24,0.92,-1,-1,-1
117,2,994.11,479.44,277.97,657.01,0.89,-1,-1,-1
117,3,1636.11,666.14,46.19,104.29,0.76,-1,-1,-1
117,4,1662.80,656.99,47.22,110.35,0.73,-1,-1,-1
118,1,620.92,523.80,247.94,536.23,0.93,-1,-1,-1
118,2,995.22,480.37,282.53,654.02,0.89,-1,-1,-1
118,3,1635.21,666.26,47.51,108.48,0.78,-1,-1,-1
118,4,1662.28,657.69,47.32,111.63,0.73,-1,-1,-1
119,1,622.83,522.88,250.31,536.01,0.93,-1,-1,-1
119,2,997.48,480.70,286.29,651.18,0.89,-1,-1,-1
119,3,1634.53,666.96,46.97,108.11,0.77,-1,-1,-1
119,4,1662.83,657.97,47.69,112.99,0.74,-1,-1,-1
120,1,627.56,522.98,250.90,534.15,0.94,-1,-1,-1
120,2,996.84,479.01,292.86,653.78,0.90,-1,-1,-1
120,3,1634.31,666.78,46.72,108.39,0.76,-1,-1,-1
120,4,1661.79,657.19,48.61,115.25,0.74,-1,-1,-1
121,1,633.47,522.35,250.36,532.78,0.94,-1,-1,-1
121,2,997.55,478.36,296.54,653.03,0.91,-1,-1,-1
121,3,1633.79,666.26,45.77,106.71,0.74,-1,-1,-1
121,4,1661.44,656.46,48.93,116.09,0.70,-1,-1,-1
122,1,644.53,521.90,246.68,530.27,0.93,-1,-1,-1
122,2,994.36,476.32,301.71,656.38,0.88,-1,-1,-1
122,3,1633.15,666.72,44.55,104.04,0.74,-1,-1,-1
122,4,1660.17,656.40,47.83,113.08,0.71,-1,-1,-1
123,1,653.10,519.95,243.97,531.13,0.93,-1,-1,-1
123,2,998.64,476.44,303.89,655.90,0.88,-1,-1,-1
123,3,1633.45,666.44,43.05,100.33,0.72,-1,-1,-1
123,4,1659.60,656.60,45.85,108.08,0.68,-1,-1,-1
124,1,661.39,519.67,239.57,529.69,0.93,-1,-1,-1
124,2,1004.27,474.70,304.35,654.86,0.89,-1,-1,-1
124,3,1632.82,665.65,44.06,102.36,0.73,-1,-1,-1
124,4,1658.44,656.23,47.06,110.70,0.72,-1,-1,-1
125,1,670.52,519.59,234.45,528.27,0.93,-1,-1,-1
125,2,1009.41,472.71,306.15,659.86,0.90,-1,-1,-1
125,3,1631.26,665.81,45.33,105.33,0.74,-1,-1,-1
125,4,1656.80,656.32,48.19,114.09,0.75,-1,-1,-1
126,1,681.19,518.67,228.38,527.76,0.92,-1,-1,-1
126,2,1017.94,470.19,307.52,667.11,0.90,-1,-1,-1
126,3,1629.15,665.43,47.10,110.00,0.75,-1,-1,-1
126,4,1656.09,656.58,48.84,116.47,0.76,-1,-1,-1
127,1,692.40,518.12,221.09,526.92,0.92,-1,-1,-1
127,2,1027.35,469.04,307.72,674.95,0.89,-1,-1,-1
127,3,1627.72,665.72,47.33,110.89,0.75,-1,-1,-1
127,4,1655.38,656.69,48.27,115.60,0.76,-1,-1,-1
128,1,705.81,517.04,214.74,530.21,0.92,-1,-1,-1
128,2,1037.26,467.29,303.59,674.80,0.90,-1,-1,-1
128,3,1627.12,666.05,47.57,111.87,0.76,-1,-1,-1
128,4,1654.03,656.73,48.50,116.12,0.76,-1,-1,-1
129,1,722.12,515.76,207.20,531.47,0.92,-1,-1,-1
129,2,1049.23,465.32,300.26,676.02,0.90,-1,-1,-1
129,3,1626.65,666.18,48.19,113.99,0.78,-1,-1,-1
129,4,1653.68,657.63,48.33,116.30,0.77,-1,-1,-1
130,1,735.40,515.96,200.33,532.62,0.92,-1,-1,-1
130,2,1067.68,463.72,296.49,677.33,0.89,-1,-1,-1
130,3,1626.28,665.35,48.85,115.66,0.78,-1,-1,-1
130,4,1654.12,658.87,47.17,113.68,0.76,-1,-1,-1
131,1,746.45,516.28,194.04,532.39,0.93,-1,-1,-1
131,2,1088.02,462.26,292.75,677.78,0.91,-1,-1,-1
131,3,1624.72,665.25,48.47,116.04,0.78,-1,-1,-1
131,4,1653.40,659.11,46.77,112.89,0.76,-1,-1,-1
132,1,755.77,516.65,188.83,532.07,0.93,-1,-1,-1
132,2,1110.16,460.86,289.00,678.79,0.92,-1,-1,-1
132,3,1623.73,665.65,47.39,114.39,0.78,-1,-1,-1
132,4,1653.38,659.86,46.19,111.46,0.76,-1,-1,-1
133,1,767.35,517.25,186.24,531.96,0.93,-1,-1,-1
133,2,1131.92,459.48,283.72,675.57,0.91,-1,-1,-1
133,3,1623.64,666.47,44.69,108.61,0.77,-1,-1,-1
133,4,1653.26,660.81,44.46,106.66,0.71,-1,-1,-1
134,1,778.97,516.59,187.14,532.80,0.93,-1,-1,-1
134,2,1155.34,459.00,279.98,676.98,0.91,-1,-1,-1
134,3,1623.32,666.56,44.31,107.95,0.76,-1,-1,-1
134,4,1652.93,662.75,42.62,101.90,0.56,-1,-1,-1
135,1,789.14,516.80,189.58,531.34,0.93,-1,-1,-1
135,2,1176.95,457.52,277.13,680.61,0.91,-1,-1,-1
135,3,1622.86,666.14,44.91,109.96,0.77,-1,-1,-1
135,4,1653.10,663.45,43.29,102.94,0.57,-1,-1,-1
136,1,796.74,518.23,193.07,529.89,0.93,-1,-1,-1
136,2,1189.93,457.01,280.62,699.73,0.91,-1,-1,-1
136,3,1621.92,666.65,44.94,110.49,0.78,-1,-1,-1
136,4,1652.94,663.23,43.98,104.23,0.71,-1,-1,-1
137,1,802.10,518.77,197.65,529.35,0.93,-1,-1,-1
137,2,1204.05,457.28,276.80,695.88,0.91,-1,-1,-1
137,3,1620.74,666.18,44.87,110.02,0.78,-1,-1,-1
137,4,1651.80,662.68,44.66,105.64,0.75,-1,-1,-1
138,1,808.06,519.43,204.24,530.05,0.93,-1,-1,-1
138,2,1216.25,457.44,274.87,694.25,0.92,-1,-1,-1
138,3,1620.34,666.66,44.82,109.61,0.78,-1,-1,-1
138,4,1650.80,662.24,46.12,108.65,0.76,-1,-1,-1
139,1,812.04,520.56,210.65,528.54,0.93,-1,-1,-1
139,2,1225.33,457.97,274.92,694.88,0.92,-1,-1,-1
139,3,1619.65,666.40,44.15,105.88,0.76,-1,-1,-1
139,4,1651.43,663.16,44.67,104.70,0.69,-1,-1,-1
140,1,812.51,520.99,217.14,527.98,0.93,-1,-1,-1
140,2,1232.83,458.21,276.97,698.61,0.92,-1,-1,-1
140,3,1617.75,666.52,45.43,108.31,0.76,-1,-1,-1
140,4,1650.08,662.38,47.37,111.07,0.76,-1,-1,-1
141,1,811.44,520.25,224.13,529.56,0.93,-1,-1,-1
141,2,1236.57,459.20,281.69,705.29,0.91,-1,-1,-1
141,3,1616.94,667.01,44.41,103.86,0.74,-1,-1,-1
141,4,1649.47,662.10,46.84,108.55,0.69,-1,-1,-1
142,1,809.83,519.96,230.39,530.17,0.93,-1,-1,-1
142,2,1240.14,459.60,286.31,709.52,0.91,-1,-1,-1
142,3,1615.31,666.97,43.10,99.20,0.76,-1,-1,-1
142,4,1649.10,662.42,45.16,103.51,0.70,-1,-1,-1
143,1,808.48,520.29,235.46,529.51,0.93,-1,-1,-1
143,2,1244.12,460.21,288.17,703.50,0.91,-1,-1,-1
143,3,1613.73,667.86,44.68,102.09,0.76,-1,-1,-1
143,4,1648.09,662.31,46.29,106.37,0.73,-1,-1,-1
144,1,808.60,520.42,240.08,529.27,0.93,-1,-1,-1
144,2,1250.85,461.35,291.82,701.09,0.91,-1,-1,-1
144,3,1611.65,668.40,46.52,106.04,0.78,-1,-1,-1
144,4,1647.48,662.04,47.22,108.96,0.72,-1,-1,-1
145,1,808.00,520.46,244.44,529.18,0.93,-1,-1,-1
145,2,1256.31,462.67,295.94,698.34,0.91,-1,-1,-1
145,3,1611.67,669.26,47.45,107.32,0.80,-1,-1,-1
145,4,1647.90,662.38,46.32,106.85,0.72,-1,-1,-1
146,1,807.79,520.69,247.41,527.59,0.92,-1,-1,-1
146,2,1262.20,463.18,297.56,687.44,0.91,-1,-1,-1
146,3,1609.97,669.59,47.75,107.81,0.78,-1,-1,-1
146,4,1646.73,662.73,46.89,108.49,0.74,-1,-1,-1
147,1,806.36,519.66,251.71,529.45,0.93,-1,-1,-1
147,2,1268.38,465.16,300.19,677.90,0.91,-1,-1,-1
147,3,1609.17,668.36,48.24,108.88,0.78,-1,-1,-1
147,4,1646.67,662.86,46.37,107.33,0.73,-1,-1,-1
148,1,806.91,519.72,254.39,530.16,0.93,-1,-1,-1
148,2,1271.55,466.56,303.66,672.78,0.91,-1,-1,-1
148,3,1607.55,668.56,49.35,111.72,0.80,-1,-1,-1
148,4,1646.68,662.45,46.15,106.87,0.75,-1,-1,-1
149,1,809.26,519.74,255.24,529.54,0.93,-1,-1,-1
149,2,1273.34,467.75,308.88,674.75,0.92,-1,-1,-1
149,3,1606.12,668.41,49.70,112.12,0.79,-1,-1,-1
149,4,1645.98,662.52,45.73,106.48,0.74,-1,-1,-1
150,1,814.29,518.18,255.90,531.76,0.93,-1,-1,-1
150,2,1274.34,467.73,314.91,678.68,0.91,-1,-1,-1
150,3,1605.02,668.78,49.25,110.49,0.78,-1,-1,-1
150,4,1646.29,662.32,44.46,102.98,0.65,-1,-1,-1
151,1,822.86,517.15,254.07,532.15,0.94,-1,-1,-1
151,2,1274.89,466.36,319.79,679.76,0.92,-1,-1,-1
151,3,1604.19,668.92,48.19,107.16,0.77,-1,-1,-1
151,4,1644.90,662.01,43.42,100.53,0.55,-1,-1,-1
152,1,833.40,516.33,250.96,532.73,0.93,-1,-1,-1
152,2,1278.01,466.27,322.35,676.18,0.92,-1,-1,-1
152,3,1602.79,668.97,48.26,105.89,0.79,-1,-1,-1
152,4,1643.17,662.58,41.88,97.16,0.45,-1,-1,-1
153,1,841.77,515.80,247.79,534.06,0.94,-1,-1,-1
153,2,1277.16,465.56,324.57,669.71,0.92,-1,-1,-1
153,3,1601.38,670.11,46.53,100.71,0.77,-1,-1,-1
153,4,1642.22,662.33,43.82,101.42,0.59,-1,-1,-1
154,1,850.39,514.73,243.30,534.55,0.93,-1,-1,-1
154,2,1277.09,464.83,327.93,667.32,0.91,-1,-1,-1
154,3,1599.37,669.84,48.97,104.48,0.78,-1,-1,-1
154,4,1642.35,663.13,43.59,100.29,0.45,-1,-1,-1
155,1,859.29,514.33,237.95,534.72,0.93,-1,-1,-1
155,2,1279.90,463.66,330.68,663.80,0.91,-1,-1,-1
155,3,1596.82,668.86,51.76,110.27,0.79,-1,-1,-1
155,4,1641.53,662.08,45.32,104.37,0.69,-1,-1,-1
156,1,870.27,514.20,231.00,534.77,0.92,-1,-1,-1
156,2,1286.71,463.22,332.76,662.54,0.90,-1,-1,-1
156,3,1595.11,668.26,54.36,116.18,0.80,-1,-1,-1
156,4,1639.63,662.36,47.42,109.19,0.72,-1,-1,-1
157,1,883.68,512.83,223.70,536.55,0.92,-1,-1,-1
157,2,1293.95,461.72,334.48,663.93,0.90,-1,-1,-1
157,3,1593.02,667.59,54.83,118.02,0.78,-1,-1,-1
157,4,1637.68,661.37,48.96,112.99,0.77,-1,-1,-1
158,1,897.41,510.99,216.53,538.99,0.92,-1,-1,-1
158,2,1301.63,458.25,336.83,670.55,0.91,-1,-1,-1
158,3,1591.74,666.89,54.27,117.39,0.79,-1,-1,-1
158,4,1636.97,661.21,49.50,113.80,0.78,-1,-1,-1
159,1,912.20,510.32,209.28,540.79,0.92,-1,-1,-1
159,2,1310.03,456.07,336.95,674.86,0.91,-1,-1,-1
159,3,1590.18,667.07,54.50,117.98,0.80,-1,-1,-1
159,4,1636.40,661.37,50.37,115.61,0.78,-1,-1,-1
160,1,925.40,510.97,201.53,538.77,0.92,-1,-1,-1
160,2,1319.31,454.61,333.21,673.18,0.92,-1,-1,-1
160,3,1589.39,666.70,55.07,119.50,0.81,-1,-1,-1
160,4,1635.47,661.43,50.40,115.40,0.79,-1,-1,-1
161,1,935.30,510.80,195.36,538.87,0.92,-1,-1,-1
161,2,1330.30,451.63,330.15,676.33,0.92,-1,-1,-1
161,3,1588.42,666.34,54.95,119.39,0.81,-1,-1,-1
161,4,1634.02,662.12,50.87,116.38,0.80,-1,-1,-1
162,1,944.55,510.76,190.39,538.88,0.92,-1,-1,-1
162,2,1342.59,450.99,325.12,677.97,0.91,-1,-1,-1
162,3,1586.45,666.43,56.41,122.62,0.81,-1,-1,-1
162,4,1632.98,662.60,50.32,114.74,0.73,-1,-1,-1
163,1,956.39,510.76,188.20,538.87,0.92,-1,-1,-1
163,2,1356.66,450.79,318.08,678.58,0.92,-1,-1,-1
163,3,1585.13,666.25,56.41,123.16,0.78,-1,-1,-1
163,4,1632.70,662.34,49.92,114.07,0.61,-1,-1,-1
164,1,965.15,509.88,188.94,540.64,0.93,-1,-1,-1
164,2,1375.53,450.53,305.59,669.22,0.91,-1,-1,-1
164,3,1582.85,666.63,56.53,123.32,0.80,-1,-1,-1
164,4,1632.82,662.24,49.37,112.91,0.60,-1,-1,-1
165,1,974.59,509.34,191.53,541.95,0.94,-1,-1,-1
165,2,1394.75,450.47,293.99,664.76,0.93,-1,-1,-1
165,3,1581.61,666.77,55.63,121.58,0.69,-1,-1,-1
165,4,1633.03,662.87,47.12,107.76,0.39,-1,-1,-1
166,1,982.69,510.27,194.44,539.98,0.94,-1,-1,-1
166,2,1409.55,449.59,284.55,664.91,0.92,-1,-1,-1
166,3,1580.46,666.84,54.95,120.87,0.71,-1,-1,-1
166,4,1633.78,664.25,44.98,102.38,0.37,-1,-1,-1
167,1,989.59,511.08,198.82,538.32,0.94,-1,-1,-1
167,2,1423.68,449.74,277.51,667.69,0.92,-1,-1,-1
167,3,1580.00,667.08,54.85,122.14,0.68,-1,-1,-1
167,4,1631.37,664.29,45.95,104.09,0.55,-1,-1,-1
168,1,994.01,511.40,204.25,537.68,0.93,-1,-1,-1
168,2,1436.44,450.04,271.79,671.67,0.91,-1,-1,-1
169,1,995.88,512.19,209.71,536.77,0.92,-1,-1,-1
169,2,1447.07,450.63,268.02,678.97,0.91,-1,-1,-1
170,1,997.21,512.72,215.26,536.20,0.92,-1,-1,-1
170,2,1457.68,451.31,263.40,682.17,0.90,-1,-1,-1
171,1,997.30,512.25,221.15,536.66,0.93,-1,-1,-1
171,2,1467.76,451.15,259.52,685.58,0.91,-1,-1,-1
172,1,997.70,513.19,225.65,534.39,0.92,-1,-1,-1
172,2,1479.46,451.99,254.06,681.50,0.90,-1,-1,-1
173,1,997.21,513.54,230.79,534.42,0.93,-1,-1,-1
173,2,1489.29,452.76,252.97,682.13,0.91,-1,-1,-1
174,1,998.33,514.12,234.97,533.56,0.93,-1,-1,-1
174,2,1500.88,453.51,253.94,679.22,0.91,-1,-1,-1
175,1,997.90,513.88,238.70,533.24,0.93,-1,-1,-1
175,2,1509.25,454.02,256.35,673.86,0.91,-1,-1,-1
176,1,998.84,514.46,241.94,532.91,0.93,-1,-1,-1
176,2,1519.05,455.10,261.11,671.83,0.90,-1,-1,-1
177,1,999.77,514.00,244.31,532.13,0.92,-1,-1,-1
177,2,1526.79,456.18,268.38,672.64,0.90,-1,-1,-1
178,1,1001.92,512.93,246.57,533.63,0.92,-1,-1,-1
178,2,1532.82,458.14,276.65,672.30,0.88,-1,-1,-1
179,1,1005.38,512.07,247.14,533.32,0.94,-1,-1,-1
179,2,1552.01,460.20,288.02,666.82,0.88,-1,-1,-1
180,1,1012.86,511.75,245.38,530.53,0.93,-1,-1,-1
180,2,1541.83,461.86,294.10,665.67,0.88,-1,-1,-1
181,1,1022.23,511.64,242.00,526.81,0.93,-1,-1,-1
181,2,1537.89,462.01,299.38,662.59,0.91,-1,-1,-1
182,1,1030.30,510.03,239.33,526.99,0.93,-1,-1,-1
182,2,1532.58,462.03,304.71,659.68,0.92,-1,-1,-1
182,3,1564.90,674.28,48.09,108.23,0.54,-1,-1,-1
183,1,1037.85,508.10,236.06,526.65,0.93,-1,-1,-1
183,2,1529.72,463.36,309.61,657.73,0.92,-1,-1,-1
183,3,1564.04,674.44,49.14,109.79,0.73,-1,-1,-1
184,1,1046.04,507.38,231.79,526.54,0.93,-1,-1,-1
184,2,1527.94,462.49,314.13,657.95,0.92,-1,-1,-1
184,3,1561.63,674.28,50.05,112.70,0.78,-1,-1,-1
185,1,1056.55,506.91,226.54,527.20,0.92,-1,-1,-1
185,2,1523.81,462.59,318.70,658.09,0.91,-1,-1,-1
185,3,1560.46,674.66,51.01,116.03,0.80,-1,-1,-1
185,4,1608.16,667.20,37.45,86.23,0.50,-1,-1,-1
186,1,1067.69,506.08,219.60,526.80,0.92,-1,-1,-1
186,2,1521.80,461.71,322.72,657.29,0.92,-1,-1,-1
186,3,1557.95,673.67,52.05,118.85,0.82,-1,-1,-1
186,4,1607.11,666.01,40.57,94.13,0.64,-1,-1,-1
187,1,1079.60,506.01,212.76,527.34,0.90,-1,-1,-1
187,2,1523.65,460.92,325.81,657.04,0.92,-1,-1,-1
187,3,1557.24,673.28,52.04,119.03,0.81,-1,-1,-1
187,4,1607.90,664.82,39.05,90.84,0.64,-1,-1,-1
188,1,1091.52,506.45,206.45,527.56,0.90,-1,-1,-1
188,2,1528.12,458.82,328.03,657.87,0.93,-1,-1,-1
188,3,1556.44,673.35,51.42,117.51,0.80,-1,-1,-1
188,4,1606.65,663.20,47.26,109.90,0.78,-1,-1,-1
189,1,1102.67,505.74,201.00,528.54,0.91,-1,-1,-1
189,2,1532.87,457.13,329.58,660.01,0.93,-1,-1,-1
189,3,1555.16,673.59,51.44,117.58,0.80,-1,-1,-1
189,4,1604.98,663.05,50.82,118.60,0.80,-1,-1,-1
190,1,1111.12,504.60,197.10,530.71,0.90,-1,-1,-1
190,2,1539.78,455.61,332.08,667.08,0.91,-1,-1,-1
190,3,1554.29,673.45,50.55,115.14,0.80,-1,-1,-1
190,4,1603.35,663.01,52.54,122.17,0.80,-1,-1,-1
191,1,1120.12,504.40,193.32,531.75,0.90,-1,-1,-1
191,2,1550.57,454.16,330.55,668.87,0.92,-1,-1,-1
191,3,1553.39,673.85,51.44,117.35,0.80,-1,-1,-1
191,4,1603.20,662.80,53.97,124.57,0.81,-1,-1,-1
192,1,1131.56,504.35,190.46,532.14,0.91,-1,-1,-1
192,2,1563.51,452.73,327.92,669.53,0.92,-1,-1,-1
192,3,1551.83,673.54,50.75,115.50,0.78,-1,-1,-1
192,4,1602.69,663.15,53.76,122.81,0.79,-1,-1,-1
193,1,1144.81,504.35,189.72,532.28,0.93,-1,-1,-1
193,2,1577.60,449.31,325.94,671.77,0.93,-1,-1,-1
193,3,1549.65,672.97,50.16,112.98,0.77,-1,-1,-1
193,4,1602.12,663.53,52.68,119.57,0.78,-1,-1,-1
194,1,1156.47,505.03,190.74,531.21,0.93,-1,-1,-1
194,2,1593.21,447.60,323.73,673.03,0.92,-1,-1,-1
194,3,1548.09,672.75,51.54,115.65,0.83,-1,-1,-1
194,4,1600.72,663.68,52.90,120.42,0.81,-1,-1,-1
195,1,1165.47,506.86,192.93,528.79,0.93,-1,-1,-1
195,2,1610.62,444.32,322.50,676.16,0.92,-1,-1,-1
195,3,1547.35,672.23,50.66,112.64,0.81,-1,-1,-1
195,4,1600.02,664.19,51.58,117.16,0.81,-1,-1,-1
196,1,1173.77,507.34,197.16,528.10,0.93,-1,-1,-1
196,2,1628.18,442.23,319.08,675.53,0.92,-1,-1,-1
196,3,1545.65,672.25,51.49,113.95,0.81,-1,-1,-1
196,4,1598.72,664.39,51.41,116.70,0.78,-1,-1,-1
197,1,1180.40,507.74,202.72,527.63,0.93,-1,-1,-1
197,2,1645.35,441.48,317.46,677.92,0.91,-1,-1,-1
197,3,1543.77,671.82,52.61,116.23,0.80,-1,-1,-1
197,4,1597.45,664.47,51.18,116.04,0.78,-1,-1,-1
198,1,1183.59,507.89,209.00,527.46,0.92,-1,-1,-1
198,2,1664.11,439.47,314.71,679.68,0.90,-1,-1,-1
198,3,1541.67,671.66,54.10,119.75,0.81,-1,-1,-1
198,4,1595.31,664.72,52.69,119.97,0.79,-1,-1,-1
199,1,1186.21,508.17,215.47,526.74,0.91,-1,-1,-1
199,2,1681.44,438.31,308.45,677.20,0.90,-1,-1,-1
199,3,1540.37,672.04,52.26,114.92,0.78,-1,-1,-1
199,4,1594.09,664.38,52.36,117.91,0.77,-1,-1,-1
200,1,1187.16,508.72,221.81,525.58,0.91,-1,-1,-1
200,2,1696.51,437.70,300.70,673.31,0.89,-1,-1,-1
200,3,1539.69,672.19,52.03,113.89,0.78,-1,-1,-1
200,4,1594.00,664.25,51.55,115.25,0.76,-1,-1,-1
201,1,1186.56,508.92,228.17,525.16,0.92,-1,-1,-1
201,2,1706.09,437.53,294.47,672.72,0.89,-1,-1,-1
201,3,1536.29,671.81,52.94,114.42,0.76,-1,-1,-1
201,4,1592.13,664.42,51.42,113.53,0.75,-1,-1,-1
202,1,1185.59,508.99,234.16,525.01,0.92,-1,-1,-1
202,2,1713.03,436.39,291.76,681.19,0.87,-1,-1,-1
202,3,1532.45,672.11,54.95,117.29,0.76,-1,-1,-1
202,4,1590.61,664.71,53.07,117.14,0.78,-1,-1,-1
203,1,1184.67,510.58,239.22,523.41,0.93,-1,-1,-1
203,2,1718.69,436.44,285.68,682.14,0.87,-1,-1,-1
203,3,1529.19,672.22,55.90,116.60,0.77,-1,-1,-1
203,4,1589.35,664.60,53.36,116.91,0.77,-1,-1,-1
204,1,1184.37,509.60,244.54,525.28,0.93,-1,-1,-1
204,2,1726.90,436.51,279.37,681.57,0.89,-1,-1,-1
204,3,1528.66,672.27,56.75,117.22,0.76,-1,-1,-1
204,4,1588.52,664.78,54.25,118.35,0.78,-1,-1,-1
205,1,1184.63,509.23,248.92,526.00,0.93,-1,-1,-1
205,2,1734.08,435.68,273.46,680.42,0.87,-1,-1,-1
205,3,1528.50,672.51,58.90,123.00,0.81,-1,-1,-1
205,4,1588.02,665.29,56.79,124.19,0.81,-1,-1,-1
206,1,1183.57,509.30,252.92,526.95,0.93,-1,-1,-1
206,2,1741.55,437.19,269.95,685.31,0.86,-1,-1,-1
206,3,1528.53,672.16,59.59,125.16,0.80,-1,-1,-1
206,4,1588.15,665.26,57.15,125.72,0.81,-1,-1,-1
207,1,1185.35,509.33,255.48,527.31,0.93,-1,-1,-1
207,2,1751.73,437.34,265.76,685.79,0.87,-1,-1,-1
207,3,1526.46,672.46,58.86,123.33,0.79,-1,-1,-1
207,4,1587.67,665.91,56.66,125.17,0.80,-1,-1,-1
208,1,1186.19,508.66,257.53,527.67,0.92,-1,-1,-1
208,2,1763.23,438.31,264.29,688.60,0.86,-1,-1,-1
208,3,1526.59,673.69,56.82,118.80,0.80,-1,-1,-1
208,4,1587.38,666.60,54.96,121.37,0.80,-1,-1,-1
209,1,1187.68,508.41,258.29,526.92,0.92,-1,-1,-1
209,2,1770.48,439.58,262.65,690.51,0.85,-1,-1,-1
209,3,1525.75,674.16,57.94,121.55,0.81,-1,-1,-1
209,4,1586.79,666.41,55.34,122.55,0.82,-1,-1,-1
210,1,1189.51,506.98,259.28,527.52,0.94,-1,-1,-1
210,2,1771.47,441.41,257.81,684.52,0.85,-1,-1,-1
210,3,1523.68,673.89,58.40,121.66,0.80,-1,-1,-1
210,4,1586.97,666.78,54.70,121.19,0.80,-1,-1,-1
211,1,1194.65,505.10,260.25,530.43,0.94,-1,-1,-1
211,2,1776.55,442.12,254.82,680.40,0.84,-1,-1,-1
211,3,1522.84,674.88,56.97,117.91,0.79,-1,-1,-1
211,4,1586.49,667.14,53.83,119.09,0.79,-1,-1,-1
212,1,1201.99,504.40,258.45,530.63,0.94,-1,-1,-1
212,2,1781.03,442.38,253.39,677.05,0.79,-1,-1,-1
212,3,1521.73,675.49,56.32,115.78,0.79,-1,-1,-1
212,4,1586.36,667.27,53.45,118.72,0.80,-1,-1,-1
213,1,1210.02,503.26,255.85,531.58,0.94,-1,-1,-1
213,2,1785.75,442.03,253.42,676.24,0.74,-1,-1,-1
213,3,1519.00,675.92,59.01,121.53,0.80,-1,-1,-1
213,4,1585.70,667.31,54.58,122.16,0.81,-1,-1,-1
214,1,1217.61,502.17,252.56,532.15,0.94,-1,-1,-1
214,2,1788.20,441.00,256.96,683.99,0.77,-1,-1,-1
214,3,1518.47,676.74,59.11,121.65,0.81,-1,-1,-1
214,4,1584.79,667.32,54.60,123.00,0.83,-1,-1,-1
215,1,1226.59,501.56,248.55,533.02,0.94,-1,-1,-1
215,2,1792.69,447.72,256.06,678.91,0.77,-1,-1,-1
215,3,1516.91,677.04,58.42,119.90,0.79,-1,-1,-1
215,4,1584.73,666.87,54.07,122.41,0.82,-1,-1,-1
216,1,1237.85,500.90,242.95,533.33,0.93,-1,-1,-1
216,2,1798.09,448.49,256.76,676.95,0.77,-1,-1,-1
216,3,1515.33,677.37,58.44,120.34,0.79,-1,-1,-1
216,4,1584.51,666.92,54.31,123.73,0.82,-1,-1,-1
217,1,1249.18,500.23,236.13,533.43,0.93,-1,-1,-1
217,2,1805.23,449.65,260.67,678.01,0.62,-1,-1,-1
217,3,1512.97,677.70,58.51,120.27,0.80,-1,-1,-1
217,4,1584.16,666.27,54.97,126.20,0.82,-1,-1,-1
218,1,1259.49,499.11,228.65,534.34,0.93,-1,-1,-1
218,2,1808.40,452.29,264.30,676.19,0.63,-1,-1,-1
218,3,1510.97,677.81,59.07,122.03,0.82,-1,-1,-1
218,4,1584.25,666.02,54.81,126.68,0.83,-1,-1,-1
219,1,1269.37,498.04,221.43,535.79,0.93,-1,-1,-1
219,2,1813.72,460.18,262.30,659.20,0.58,-1,-1,-1
219,3,1508.41,677.40,61.22,127.11,0.82,-1,-1,-1
219,4,1583.02,665.04,55.54,129.49,0.82,-1,-1,-1
220,1,1279.78,497.43,215.18,537.87,0.93,-1,-1,-1
220,2,1819.78,466.28,261.92,649.18,0.49,-1,-1,-1
220,3,1506.56,677.46,62.13,129.68,0.83,-1,-1,-1
220,4,1582.79,665.11,55.37,130.10,0.83,-1,-1,-1
221,1,1292.30,497.68,209.00,536.86,0.93,-1,-1,-1
221,2,1826.03,467.57,267.73,657.29,0.30,-1,-1,-1
221,3,1504.89,677.25,62.74,131.74,0.85,-1,-1,-1
221,4,1582.71,664.92,55.32,130.96,0.84,-1,-1,-1
222,1,1303.57,498.68,203.83,535.55,0.93,-1,-1,-1
222,2,1842.19,480.70,257.88,630.67,0.23,-1,-1,-1
222,3,1504.09,676.94,63.38,134.03,0.85,-1,-1,-1
222,4,1581.90,665.07,55.14,131.48,0.85,-1,-1,-1
223,1,1314.80,499.76,199.48,533.48,0.93,-1,-1,-1
223,3,1503.04,676.60,63.46,135.10,0.84,-1,-1,-1
223,4,1581.87,665.58,54.53,130.76,0.85,-1,-1,-1
224,1,1324.80,499.51,197.41,535.14,0.93,-1,-1,-1
224,3,1502.63,676.46,63.60,136.34,0.84,-1,-1,-1
224,4,1582.00,665.55,54.05,130.23,0.85,-1,-1,-1
225,1,1336.18,499.42,196.05,533.98,0.93,-1,-1,-1
225,3,1501.10,675.31,64.72,140.07,0.83,-1,-1,-1
225,4,1581.22,665.76,53.79,130.22,0.84,-1,-1,-1
226,1,1346.05,499.84,196.78,533.53,0.93,-1,-1,-1
226,3,1500.29,674.87,63.93,139.27,0.83,-1,-1,-1
226,4,1580.73,665.62,54.11,131.76,0.85,-1,-1,-1
227,1,1355.48,499.56,199.35,534.25,0.93,-1,-1,-1
227,3,1500.20,674.92,63.29,138.68,0.84,-1,-1,-1
227,4,1580.07,666.01,53.43,130.55,0.84,-1,-1,-1
228,1,1362.37,499.69,202.41,533.41,0.93,-1,-1,-1
228,3,1500.96,674.94,61.54,135.74,0.84,-1,-1,-1
228,4,1580.04,666.83,52.77,128.50,0.86,-1,-1,-1
229,1,1366.58,500.63,206.43,533.08,0.93,-1,-1,-1
229,3,1498.80,674.73,62.28,137.48,0.82,-1,-1,-1
229,4,1580.32,667.14,51.99,125.92,0.84,-1,-1,-1
230,1,1370.96,501.66,210.65,531.40,0.93,-1,-1,-1
230,3,1497.85,674.88,61.15,135.23,0.82,-1,-1,-1
230,4,1579.23,667.25,52.31,126.29,0.84,-1,-1,-1
231,1,1373.47,502.50,215.28,529.87,0.93,-1,-1,-1
231,3,1496.89,674.94,60.22,132.55,0.82,-1,-1,-1
231,4,1578.76,667.51,52.60,126.66,0.85,-1,-1,-1
232,1,1374.09,501.92,220.65,531.09,0.93,-1,-1,-1
232,3,1496.48,675.41,58.26,127.03,0.78,-1,-1,-1
232,4,1579.05,668.27,51.81,124.79,0.84,-1,-1,-1
233,1,1372.76,502.14,225.26,531.57,0.93,-1,-1,-1
233,3,1496.05,675.59,56.38,121.31,0.76,-1,-1,-1
233,4,1578.12,668.33,51.84,124.31,0.82,-1,-1,-1
234,1,1372.48,502.22,229.59,531.75,0.93,-1,-1,-1
234,3,1493.96,675.89,55.99,119.01,0.67,-1,-1,-1
234,4,1577.72,668.34,51.98,124.15,0.82,-1,-1,-1
235,1,1371.91,501.80,233.02,531.82,0.94,-1,-1,-1
235,3,1489.97,674.40,58.77,123.92,0.40,-1,-1,-1
235,4,1576.80,668.79,51.83,123.20,0.80,-1,-1,-1
236,1,1372.75,501.41,236.23,532.52,0.94,-1,-1,-1
236,4,1576.12,669.40,50.68,120.16,0.79,-1,-1,-1
237,1,1375.83,501.04,237.74,531.23,0.93,-1,-1,-1
237,4,1575.69,669.16,50.64,119.94,0.78,-1,-1,-1
238,1,1377.32,500.68,239.52,531.85,0.94,-1,-1,-1
238,4,1575.37,669.52,51.00,120.78,0.80,-1,-1,-1
239,1,1381.34,501.21,240.03,530.98,0.94,-1,-1,-1
239,4,1574.21,669.65,51.46,122.00,0.81,-1,-1,-1
240,1,1385.51,500.52,239.93,530.65,0.93,-1,-1,-1
240,4,1574.29,670.13,50.65,119.81,0.75,-1,-1,-1
241,1,1387.79,499.37,239.93,530.53,0.94,-1,-1,-1
241,4,1573.09,670.31,51.05,120.78,0.77,-1,-1,-1
242,1,1394.21,499.39,237.36,527.82,0.94,-1,-1,-1
242,4,1572.42,669.92,49.92,117.58,0.71,-1,-1,-1
243,1,1404.20,499.40,233.47,525.01,0.94,-1,-1,-1
243,4,1572.38,670.89,47.29,110.74,0.62,-1,-1,-1
244,1,1412.99,499.41,228.73,523.08,0.94,-1,-1,-1
244,4,1572.17,671.47,44.95,104.76,0.62,-1,-1,-1
245,1,1424.03,498.75,223.64,523.05,0.94,-1,-1,-1
245,4,1571.13,670.74,46.11,106.39,0.60,-1,-1,-1
246,1,1431.50,497.62,218.28,523.07,0.93,-1,-1,-1
246,4,1569.48,670.93,47.30,109.70,0.66,-1,-1,-1
247,1,1444.28,496.75,211.98,522.66,0.93,-1,-1,-1
247,4,1570.02,671.45,47.29,110.08,0.62,-1,-1,-1
248,1,1454.83,495.32,208.46,527.67,0.92,-1,-1,-1
248,4,1569.07,670.74,47.87,112.05,0.60,-1,-1,-1
248,3,1469.99,678.54,59.71,133.79,0.69,-1,-1,-1
249,1,1465.31,494.35,204.38,528.68,0.91,-1,-1,-1
249,3,1471.29,679.85,56.13,131.19,0.72,-1,-1,-1
250,1,1474.57,494.45,200.68,528.17,0.91,-1,-1,-1
250,3,1470.85,679.42,54.92,132.05,0.71,-1,-1,-1
251,1,1483.82,494.51,197.99,528.86,0.91,-1,-1,-1
251,3,1471.13,679.47,55.44,136.13,0.78,-1,-1,-1
252,1,1491.27,494.99,195.71,530.02,0.91,-1,-1,-1
252,3,1472.44,680.14,55.07,136.56,0.81,-1,-1,-1
253,1,1499.77,494.30,193.66,530.45,0.92,-1,-1,-1
253,3,1472.12,680.62,54.89,137.35,0.81,-1,-1,-1
254,1,1511.58,494.05,193.01,530.60,0.92,-1,-1,-1
254,3,1472.84,680.12,56.78,140.50,0.82,-1,-1,-1
255,1,1524.88,493.97,194.18,530.65,0.93,-1,-1,-1
255,3,1473.27,679.49,58.96,144.31,0.83,-1,-1,-1
256,1,1535.94,493.95,196.25,529.77,0.92,-1,-1,-1
256,3,1473.59,679.24,61.29,146.61,0.81,-1,-1,-1
257,1,1545.67,494.62,199.59,527.86,0.92,-1,-1,-1
257,3,1470.04,679.36,62.55,149.87,0.81,-1,-1,-1
258,1,1552.46,495.33,204.67,527.59,0.92,-1,-1,-1
258,3,1469.84,678.97,62.48,148.89,0.80,-1,-1,-1
259,1,1558.41,496.28,209.84,525.93,0.92,-1,-1,-1
259,3,1468.32,679.25,61.84,147.11,0.84,-1,-1,-1
260,1,1561.21,496.63,215.36,525.31,0.92,-1,-1,-1
260,3,1467.89,679.36,61.31,145.49,0.83,-1,-1,-1
261,1,1561.94,496.77,221.00,525.09,0.92,-1,-1,-1
261,3,1466.18,679.17,62.48,147.73,0.84,-1,-1,-1
262,1,1561.94,497.26,226.61,524.13,0.92,-1,-1,-1
262,3,1464.65,679.55,62.97,147.67,0.83,-1,-1,-1
263,1,1561.84,497.00,231.90,523.78,0.92,-1,-1,-1
263,3,1464.48,679.91,62.37,144.72,0.84,-1,-1,-1
263,4,1555.44,672.92,48.23,117.36,0.66,-1,-1,-1
264,1,1560.85,496.89,237.03,523.66,0.93,-1,-1,-1
264,3,1462.04,677.58,65.17,150.95,0.83,-1,-1,-1
264,4,1556.21,672.53,47.89,117.53,0.67,-1,-1,-1
265,1,1559.53,497.97,242.13,523.41,0.93,-1,-1,-1
265,3,1459.15,674.97,68.45,158.49,0.82,-1,-1,-1
265,4,1557.31,671.06,47.89,118.48,0.72,-1,-1,-1
266,1,1560.66,499.04,245.69,521.76,0.93,-1,-1,-1
266,3,1457.64,674.40,68.82,159.63,0.83,-1,-1,-1
266,4,1557.35,671.40,48.67,120.60,0.78,-1,-1,-1
267,1,1559.34,499.88,250.08,521.16,0.94,-1,-1,-1
267,3,1458.87,677.71,65.38,151.22,0.83,-1,-1,-1
267,4,1556.56,671.31,48.86,121.17,0.78,-1,-1,-1
268,1,1558.88,500.41,253.05,519.38,0.94,-1,-1,-1
268,3,1458.68,679.71,63.67,146.70,0.83,-1,-1,-1
268,4,1556.62,671.72,48.23,118.26,0.76,-1,-1,-1
269,1,1557.37,499.93,256.48,519.41,0.94,-1,-1,-1
269,3,1457.13,680.90,64.25,147.27,0.83,-1,-1,-1
269,4,1557.03,671.65,49.06,118.68,0.79,-1,-1,-1
270,1,1558.48,498.84,259.44,520.33,0.94,-1,-1,-1
270,3,1455.49,681.78,64.89,148.81,0.83,-1,-1,-1
270,4,1557.48,672.08,50.59,121.51,0.79,-1,-1,-1
271,1,1561.14,497.98,261.12,520.70,0.94,-1,-1,-1
271,3,1453.52,681.87,66.10,151.39,0.82,-1,-1,-1
271,4,1557.15,672.46,52.17,124.11,0.78,-1,-1,-1
272,1,1566.52,497.65,261.65,521.75,0.95,-1,-1,-1
272,3,1450.00,681.46,65.10,149.69,0.79,-1,-1,-1
272,4,1556.87,673.26,53.09,125.31,0.78,-1,-1,-1
273,1,1573.69,496.63,260.18,521.26,0.94,-1,-1,-1
273,3,1449.96,681.73,65.75,150.80,0.82,-1,-1,-1
273,4,1555.98,673.35,55.02,130.38,0.77,-1,-1,-1
274,1,1581.35,495.80,258.34,521.98,0.94,-1,-1,-1
274,3,1444.70,682.27,64.11,149.43,0.79,-1,-1,-1
274,4,1555.69,673.81,53.91,127.47,0.71,-1,-1,-1
275,1,1588.36,493.71,256.22,524.04,0.94,-1,-1,-1
275,3,1444.55,682.46,63.47,148.89,0.75,-1,-1,-1
275,4,1554.30,674.88,52.47,124.93,0.74,-1,-1,-1
276,1,1595.93,493.82,252.36,523.93,0.95,-1,-1,-1
276,3,1443.47,683.87,61.83,146.89,0.76,-1,-1,-1
276,4,1553.83,674.83,53.61,128.41,0.74,-1,-1,-1
277,1,1605.10,492.32,248.62,526.33,0.94,-1,-1,-1
277,3,1441.26,684.38,59.57,143.44,0.82,-1,-1,-1
277,4,1554.28,676.12,52.80,127.48,0.73,-1,-1,-1
278,1,1615.67,492.44,243.30,526.57,0.93,-1,-1,-1
278,3,1441.11,683.88,59.29,144.18,0.83,-1,-1,-1
278,4,1554.07,675.50,53.28,129.97,0.73,-1,-1,-1
279,1,1626.01,491.83,237.15,527.31,0.94,-1,-1,-1
279,3,1439.97,683.46,59.69,146.04,0.83,-1,-1,-1
279,4,1555.06,676.58,51.35,126.48,0.71,-1,-1,-1
280,1,1636.39,491.62,230.35,527.58,0.94,-1,-1,-1
280,3,1439.40,682.85,60.22,147.63,0.83,-1,-1,-1
280,4,1556.81,677.88,49.67,122.40,0.69,-1,-1,-1
281,1,1646.22,490.89,224.48,527.88,0.95,-1,-1,-1
281,3,1439.15,682.61,60.61,148.24,0.84,-1,-1,-1
281,4,1554.45,678.36,47.87,119.05,0.69,-1,-1,-1
282,1,1656.39,490.18,219.60,527.99,0.94,-1,-1,-1
282,3,1438.09,683.18,61.01,148.24,0.83,-1,-1,-1
282,4,1553.25,678.51,46.04,115.10,0.71,-1,-1,-1
283,1,1666.24,489.49,215.99,528.90,0.93,-1,-1,-1
283,3,1436.82,684.29,61.22,147.79,0.84,-1,-1,-1
283,4,1551.82,678.10,45.57,114.57,0.70,-1,-1,-1
284,1,1674.98,489.24,213.02,529.24,0.94,-1,-1,-1
284,3,1435.91,684.92,60.48,144.72,0.83,-1,-1,-1
284,4,1550.79,677.48,46.46,117.12,0.71,-1,-1,-1
285,1,1683.22,490.06,210.47,528.46,0.94,-1,-1,-1
285,3,1434.04,684.93,59.75,141.53,0.83,-1,-1,-1
285,4,1549.83,676.58,46.19,116.52,0.67,-1,-1,-1
286,1,1691.01,489.94,208.58,528.15,0.94,-1,-1,-1
286,3,1433.19,684.47,59.89,139.90,0.85,-1,-1,-1
286,4,1549.50,676.45,47.90,122.37,0.73,-1,-1,-1
287,1,1699.30,490.13,207.37,527.80,0.95,-1,-1,-1
287,3,1432.54,683.61,60.70,140.90,0.86,-1,-1,-1
287,4,1549.28,676.84,47.00,121.02,0.70,-1,-1,-1
288,1,1707.53,490.44,206.93,527.88,0.95,-1,-1,-1
288,3,1431.50,684.18,60.90,140.40,0.86,-1,-1,-1
288,4,1547.70,676.99,46.12,118.70,0.73,-1,-1,-1
289,1,1714.00,488.78,208.45,530.58,0.95,-1,-1,-1
289,3,1430.88,684.85,61.53,141.12,0.85,-1,-1,-1
289,4,1546.85,676.59,48.15,124.10,0.75,-1,-1,-1
290,1,1718.15,489.50,208.66,529.81,0.95,-1,-1,-1
290,3,1428.77,684.42,62.02,141.64,0.87,-1,-1,-1
290,4,1547.45,676.45,48.86,126.08,0.74,-1,-1,-1
291,1,1723.41,490.67,209.73,528.61,0.94,-1,-1,-1
291,3,1427.85,683.81,62.52,142.29,0.86,-1,-1,-1
291,4,1547.49,676.17,49.57,127.49,0.72,-1,-1,-1
292,1,1724.48,491.80,209.69,527.48,0.95,-1,-1,-1
292,3,1426.04,684.02,62.16,140.76,0.84,-1,-1,-1
292,4,1546.86,675.40,49.41,126.46,0.72,-1,-1,-1
